Filter Wave Flux F_er
SDSS:u' 0.3519021246126397 6.369999755406752e-05 1.0182337e-05
SDSS:g' 0.48199694202385923 0.0003150000120513141 4.242641e-06
SDSS:r' 0.6246977662012919 0.0008679999737069011 8.485282e-06
SDSS:i' 0.7634912086792645 0.001550000044517219 1.4142135e-05
SDSS:z' 0.9017941824088558 0.002319999970495701 4.2426407e-05
SDSS:u 0.3519021246126397 4.750000031587357e-05 6.1725195e-06
SDSS:g 0.4819969420238593 0.0002759999964231004 4.358899e-06
SDSS:r 0.6246977662012919 0.0007676666718907654 5.7445627e-06
SDSS:i 0.7634912086792645 0.0013800000306218863 1.4142135e-05
SDSS:z 0.9017941824088558 0.0020600000862032175 2.236068e-05
2MASS:J 1.239016606050587 0.0010093333225490318 0.00032727816
2MASS:H 1.6494770729023387 0.0013255555337915819 0.0004529901
2MASS:Ks 2.1637853338145083 0.0015800000401213765 0.0004242641
WISE:W1 3.350010705106716 0.001545833326720943 0.00010015987
WISE:W2 4.600019302768061 0.0015908333565069672 9.130169e-05
WISE:W3 11.559823320737255 0.0038449999410659075 0.00034058775
WISE:W4 22.09066818952177 0.01280000014230609 0.0023194829
