Filter Wave Flux F_er
SDSS:u' 0.3519021246126397 6.399999983841553e-05 5.3e-06
SDSS:g' 0.48199694202385923 0.0002880000101868063 2e-06
SDSS:r' 0.6246977662012919 0.0006859999848529696 4e-06
SDSS:i' 0.7634912086792645 0.000986000057309866 5e-06
SDSS:u 0.3519021246126397 4.369999987829942e-05 2.1213204e-06
SDSS:g 0.48199694202385923 0.00020399999630171806 1.4142136e-06
SDSS:r 0.6246977662012919 0.0004920000210404396 1.4142136e-06
SDSS:i 0.7634912086792645 0.0007080000068526715 2.8284271e-06
2MASS:J 1.239016606050587 0.000539999979082495 0.000156
2MASS:H 1.6494770729023387 0.0005189999938011169 0.000208
2MASS:Ks 2.163785333814508 0.0006089999806135893 0.00023478713
WISE:W1 3.350010705106716 0.0004463142842204044 3.2238797e-05
WISE:W2 4.600019302768061 0.0006112799921538681 3.6716345e-05
WISE:W3 11.559823320737257 0.00289333324568967 0.00022181074
WISE:W4 22.090668189521768 0.016866666575272877 0.0017492855
