Filter Wave Flux F_er
SDSS:u 0.3519021246126397 2.3749999854771886e-05 2.7313e-06
SDSS:g 0.48199694202385923 0.00012700000661425292 1e-06
SDSS:r 0.6246977662012919 0.0002664439995896828 3.7161808e-06
SDSS:i 0.7634912086792645 0.0004590000171447173 3.1622778e-06
SDSS:z 0.9017941824088558 0.00076299998909235 5e-06
2MASS:J 1.239016606050587 0.0005445714258322758 0.00017916472
2MASS:H 1.6494770729023385 0.0008882857260427304 0.00029289248
2MASS:Ks 2.163785333814508 0.0009549999958835542 0.00021800458
WISE:W1 3.350010705106716 0.0007749999931547791 4.0422765e-05
WISE:W2 4.600019302768061 0.0007831666662241332 5.481788e-05
WISE:W3 11.559823320737255 0.0024850000627338886 0.00023021728
WISE:W4 22.09066818952177 0.004359999904409051 0.0017307224
:=250um 249.99371080720485 0.08720000088214874 0.018126223
:=350um 349.99995096608495 0.050999999046325684 0.019840866
:=500um 499.9957604362981 0.02449999935925007 0.020820662
