Filter Wave Flux F_er
SDSS:u' 0.3519021246126397 0.0005000000237487257 1e-05
SDSS:g' 0.48199694202385923 0.001232499984325841 3.8327536e-05
SDSS:r' 0.6246977662012919 0.0022150000440888107 4.1231055e-05
SDSS:i' 0.7634912086792645 0.003009999985806644 7.071068e-05
SDSS:z' 0.9017941824088558 0.004999999888241291 5e-05
SDSS:u 0.3519021246126397 0.0003238333323073069 8.711487e-06
SDSS:g 0.4819969420238593 0.0007835500218789093 1.0178899e-05
SDSS:r 0.6246977662012919 0.002009975016790122 1.7711294e-05
SDSS:i 0.7634912086792643 0.002554166655803177 1.51739905e-05
SDSS:z 0.9017941824088558 0.002499100100976648 1.25e-05
2MASS:J 1.239016606050587 0.0017800000496208668 0.00033600593
2MASS:H 1.649477072902339 0.0022040000185370445 0.0005249762
2MASS:Ks 2.163785333814508 0.0013099999632686377 0.00038013156
WISE:W1 3.3500107051067163 0.0018666666777183611 6.928203e-05
WISE:W2 4.600019302768061 0.0012225000245962292 5.2915024e-05
WISE:W3 11.559823320737255 0.005293333437293768 0.00024879712
WISE:W4 22.09066818952177 0.008943333600958189 0.0013666748
:=250um 249.99371080720482 0.24000000208616257 0.03224903
:=350um 349.99995096608495 0.1080000028014183 0.014
:=500um 499.99576043629816 0.04729999974370003 0.0156
