Filter Wave Flux F_er
GALEX:NUV 0.23119646641474512 1.1999999969702912e-05 4.7201697e-06
SDSS:r' 0.6246977662012919 0.0007220000261440873 0.000171
SDSS:u 0.3519021246126397 6.70000008540228e-05 3.1e-06
SDSS:g 0.48199694202385923 0.00033400001120753586 2e-06
SDSS:r 0.6246977662012919 0.0007469999836757779 3e-06
SDSS:i 0.7634912086792646 0.001120000029914081 1e-05
SDSS:z 0.9017941824088558 0.001449999981559813 1e-05
2MASS:J 1.239016606050587 0.001120000029914081 0.00017146429
2MASS:H 1.6494770729023385 0.0015200000489130616 0.00029393876
2MASS:Ks 2.163785333814508 0.0013000000035390258 0.00024494898
WISE:W1 3.3500107051067163 0.0010133333271369338 4.1231055e-05
WISE:W2 4.600019302768061 0.0006592000019736588 3.6823905e-05
WISE:W3 11.559823320737257 0.0013433333563928802 0.0002251666
WISE:W4 22.090668189521768 0.004379999979088704 0.0016859419
