Filter Wave Flux F_er
SDSS:u' 0.3519021246126397 5.2200000936863944e-05 3.1e-06
SDSS:g' 0.48199694202385923 0.00025099999038502574 2e-06
SDSS:r' 0.6246977662012919 0.0006300000241026282 3e-06
SDSS:i' 0.7634912086792645 0.0009720000089146197 4e-06
SDSS:z' 0.9017941824088558 0.0014100000262260437 1e-05
SDSS:u 0.3519021246126397 0.00012200000249625494 1.0099505e-05
SDSS:g 0.4819969420238593 0.000655666672779868 5.7445627e-06
SDSS:r 0.6246977662012919 0.001562499994179234 2e-05
SDSS:i 0.7634912086792645 0.002525000018067658 1.4142135e-05
SDSS:z 0.9017941824088558 0.0035200000274926424 3.1622778e-05
2MASS:J 1.239016606050587 0.0014983333530835807 0.00031368772
2MASS:H 1.6494770729023387 0.001786000028784786 0.00047617327
2MASS:Ks 2.1637853338145083 0.0015800000401213765 0.00029393876
WISE:W1 3.3500107051067163 0.00178333333072563 0.00010392304
WISE:W2 4.600019302768061 0.0012125000066589564 6.9999995e-05
WISE:W3 11.559823320737255 0.0032466667083402476 0.0002660827
WISE:W4 22.09066818952177 0.0046266668165723486 0.0018768323
:=250um 249.99371080720482 0.14100000262260437 0.014
:=350um 349.99995096608495 0.06920000165700912 0.0166
:=500um 499.99576043629816 0.023000000044703484 0.0174
