Filter Wave Flux F_er
GALEX:FUV 0.1529007283113174 1.1433333384047728e-05 3.983717e-06
GALEX:NUV 0.23119646641474512 1.696666671098986e-05 4.330127e-06
SDSS:u 0.3519021246126397 4.866666616483902e-05 2.6533e-06
SDSS:g 0.48199694202385934 0.00017499999376013875 1e-06
SDSS:r 0.6246977662012919 0.00032900000223889947 2e-06
SDSS:i 0.7634912086792643 0.0004336666703845064 3.3166248e-06
SDSS:z 0.9017941824088558 0.0006079999729990959 1.1e-05
2MASS:J 1.239016606050587 0.0005409999866969883 0.00013493332
2MASS:H 1.6494770729023385 0.0005639999872073531 0.00021430585
2MASS:Ks 2.163785333814508 0.0005510000046342611 0.00025663787
WISE:W1 3.3500107051067163 0.0005768000148236752 3.2202486e-05
WISE:W2 4.600019302768061 0.0004673999908845872 3.957272e-05
WISE:W3 11.559823320737255 0.0016599999507889152 0.00030066594
WISE:W4 22.09066818952177 0.003769999952055514 0.002189292
