Filter Wave Flux F_er
GALEX:FUV 0.1529007283113174 3.989999822806567e-05 1.159655e-05
GALEX:NUV 0.23119646641474512 7.519999780924991e-05 6.2225395e-06
SDSS:u' 0.3519021246126397 0.0001500000071246177 4e-06
SDSS:g' 0.48199694202385923 0.0006200000061653554 3e-06
SDSS:i' 0.7634912086792645 0.0018700000364333391 1e-05
SDSS:z' 0.9017941824088558 0.002360000042244792 2e-05
SDSS:u 0.3519021246126397 0.00016950000281212851 5.6568542e-06
SDSS:g 0.48199694202385923 0.0005745000089518726 4.242641e-06
SDSS:i 0.7634912086792645 0.0017850000294856727 1.4142135e-05
SDSS:z 0.9017941824088558 0.002300000051036477 2.236068e-05
2MASS:J 1.239016606050587 0.0013799999973603658 0.00025592968
2MASS:H 1.6494770729023387 0.001690000029546874 0.00033955852
2MASS:Ks 2.1637853338145083 0.0016599999507889152 0.00031843368
WISE:W1 3.3500107051067163 0.0019149999716319144 9.055385e-05
WISE:W2 4.600019302768061 0.0016599999740719794 8.062257e-05
WISE:W3 11.559823320737255 0.003585000056773424 0.00034058775
WISE:W4 22.09066818952177 0.006710000103339553 0.0024826196
