Filter Wave Flux F_er
GALEX:FUV 0.1529007283113174 9.749999662744813e-06 1.17e-06
GALEX:NUV 0.23119646641474512 1.167666656935277e-05 4.1716785e-06
SDSS:u' 0.3519021246126397 7.360000017797574e-05 3.3e-06
SDSS:g' 0.48199694202385923 0.0003260000084992498 2e-06
SDSS:r' 0.6246977662012919 0.0007270000060088933 3e-06
SDSS:u 0.3519021246126397 5.390000114857685e-05 4.1012195e-06
SDSS:g 0.48199694202385923 0.00027350000164005905 2.8284271e-06
SDSS:r 0.6246977662012919 0.0006465000042226166 4.242641e-06
SDSS:i 0.7634912086792645 0.0009850000496953726 7.0710676e-06
SDSS:z 0.9017941824088558 0.0013699999544769526 1.4142135e-05
2MASS:J 1.239016606050587 0.001146666705608368 0.00019131128
2MASS:H 1.6494770729023385 0.0012466666327478986 0.00028089143
2MASS:Ks 2.163785333814508 0.0013800000306218863 0.00024494898
WISE:W1 3.3500107051067163 0.0009661999938543886 5.2268537e-05
WISE:W2 4.600019302768061 0.0010977499769069254 5.2430907e-05
WISE:W3 11.559823320737257 0.003109999932348728 0.00027820855
WISE:W4 22.090668189521768 0.007260000022749106 0.0019129558
