Filter Wave Flux F_er
GALEX:FUV 0.1529007283113174 1.0875000270971213e-05 6.9195376e-06
GALEX:NUV 0.23119646641474514 2.8324999675533036e-05 6.8242216e-06
SDSS:u 0.3519021246126397 8.234285633079708e-05 5.879626e-06
SDSS:g 0.4819969420238593 8.589999803613561e-05 7.256032e-06
SDSS:r 0.6246977662012919 0.00013449999581401548 7.0000006e-06
SDSS:i 0.7634912086792643 0.0001564999959858445 7.0000006e-06
SDSS:z 0.9017941824088558 0.00027816667473719764 1.7146429e-05
2MASS:J 1.239016606050587 0.00036733333399752155 0.00016310427
2MASS:H 1.649477072902339 0.0005808333420039465 0.00020755963
2MASS:Ks 2.1637853338145083 0.0009388999955262989 0.0003124356
WISE:W1 3.3500107051067167 0.0012000000181918342 0.00010392305
WISE:W2 4.600019302768061 0.001580769196152687 0.00013892444
WISE:W3 11.559823320737253 0.0032933333811039724 0.000525357
WISE:W4 22.090668189521775 0.006050909107381647 0.0028615731
:=1.4GHz 214137.47000000003 0.001879999996162951 0.00014
