Filter Wave Flux F_er
GALEX:FUV 0.1529007283113174 3.8800000766059384e-05 5.6568542e-06
GALEX:NUV 0.23119646641474512 6.410000059986487e-05 4.6669047e-06
SDSS:r' 0.6246977662012919 0.00037799999699927866 1.5e-05
SDSS:u 0.3519021246126397 0.00011100000119768083 3e-06
SDSS:g 0.48199694202385923 0.00029399999766610563 2e-06
SDSS:r 0.6246977662012919 0.0003969999961555004 3e-06
SDSS:i 0.7634912086792646 0.0005179999861866236 5e-06
SDSS:z 0.9017941824088558 0.0005540000274777412 1.1e-05
2MASS:J 1.239016606050587 0.00034100000630132854 0.00013227246
2MASS:H 1.6494770729023385 0.000391999987186864 0.00015186837
2MASS:Ks 2.163785333814508 0.00048499999684281647 0.00024076336
WISE:W1 3.350010705106716 0.000324499999502829 2.4454039e-05
WISE:W2 4.600019302768061 0.00027200000477023423 3.3674918e-05
WISE:W3 11.559823320737255 0.0008564999734517187 0.00030723607
WISE:W4 22.09066818952177 0.0032999999821186066 0.0021711288
