Filter Wave Flux F_er
GALEX:FUV 0.1529007283113174 2.049999966402538e-05 5e-06
GALEX:NUV 0.23119646641474512 2.3550000150862616e-05 4.455334e-06
SDSS:u 0.3519021246126397 5.9949999922537245e-05 3.9217343e-06
SDSS:g 0.48199694202385923 0.0002100000056088902 2.236068e-06
SDSS:r 0.6246977662012919 0.00040550000267103314 3.1622778e-06
SDSS:i 0.7634912086792645 0.0005689999961759895 5.3851645e-06
SDSS:z 0.9017941824088558 0.0008430000161752105 1.6e-05
2MASS:J 1.239016606050587 0.00036299999919719994 0.00012521981
2MASS:H 1.6494770729023387 0.0004579999949783087 0.000186
2MASS:Ks 2.163785333814508 0.00044999999227002263 0.0002204541
WISE:W1 3.3500107051067163 0.0002992000023368746 1.9519222e-05
WISE:W2 4.600019302768061 0.0002517500033718534 2.1954498e-05
WISE:W3 11.559823320737257 0.0008349999940643708 0.00018662262
WISE:W4 22.090668189521768 0.0015200000489130616 0.00077
