Filter Wave Flux F_er
GALEX:FUV 0.1529007283113174 6.820000180596253e-06 5.9e-07
GALEX:NUV 0.23119646641474512 1.2533333271373218e-05 4.752894e-06
SDSS:u' 0.3519021246126397 6.22000006842427e-05 2.9e-06
SDSS:g' 0.48199694202385923 0.00020799999765586108 2e-06
SDSS:r' 0.6246977662012919 0.00045900000259280205 4e-06
SDSS:i' 0.7634912086792645 0.0007009999826550484 6e-06
SDSS:z' 0.9017941824088558 0.0008950000046752393 1.6e-05
SDSS:u 0.3519021246126397 5.500000042957254e-05 2.8178004e-06
SDSS:g 0.48199694202385923 0.00021500000002561137 2.236068e-06
SDSS:r 0.6246977662012919 0.00046174999442882836 6.480741e-06
SDSS:i 0.7634912086792645 0.00068450000253506 5e-06
SDSS:z 0.9017941824088558 0.00088900001719594 5e-06
2MASS:J 1.239016606050587 0.0006528888803182377 0.00020490974
2MASS:H 1.6494770729023387 0.0009195555596508913 0.00029135548
2MASS:Ks 2.1637853338145083 0.0009840000420808792 0.000311127
WISE:W1 3.350010705106716 0.0009696666772166888 5.0259325e-05
WISE:W2 4.600019302768061 0.0018016666872426867 9e-05
WISE:W3 11.559823320737255 0.014319999888539315 0.0006708204
WISE:W4 22.09066818952177 0.05979999899864197 0.0031016124
:=250um 249.99371080720482 0.09529999643564224 0.0146
:=350um 349.99995096608495 0.03310000151395798 0.0162
:=500um 499.99576043629816 0.019700000062584877 0.0172
:=1.4GHz 214137.47000000003 0.005296666796008746 0.000543139
