Filter Wave Flux F_er
GALEX:FUV 0.1529007283113174 3.279999873484485e-05 3.3e-06
GALEX:NUV 0.23119646641474512 4.4699998397845775e-05 3.4e-06
SDSS:u 0.3519021246126397 0.0001273333352097931 8.544004e-06
SDSS:g 0.4819969420238593 0.0004516666619262348 4.358899e-06
SDSS:r 0.6246977662012919 0.0009236666761959592 7.1414283e-06
SDSS:i 0.7634912086792645 0.001500000013038516 1.4142135e-05
SDSS:z 0.9017941824088558 0.001970000099390745 2.236068e-05
2MASS:J 1.239016606050587 0.0008497142864923392 0.00023097619
2MASS:H 1.6494770729023385 0.00104371430019715 0.00038227474
2MASS:Ks 2.163785333814508 0.000910000002477318 0.0002865903
WISE:W1 3.350010705106716 0.0012100000167265534 5.196152e-05
WISE:W2 4.600019302768061 0.0011724999931175262 5.2915024e-05
WISE:W3 11.559823320737257 0.003929999889805913 0.00027147742
WISE:W4 22.090668189521768 0.008200000040233135 0.0021811922
:=250um 249.99371080720482 0.07840000092983246 0.0148
:=350um 349.99995096608495 0.02889999933540821 0.0162
