Filter Wave Flux F_er
GALEX:FUV 0.1529007283113174 0.00022600000374950469 1.2529964e-05
GALEX:NUV 0.23119646641474512 0.00032300000020768493 9.433981e-06
SDSS:u' 0.3519021246126397 0.0005114999949000776 8.0622585e-06
SDSS:g' 0.48199694202385923 0.0016750000650063157 3.1622778e-05
SDSS:r' 0.6246977662012919 0.0030900000128895044 4.1231055e-05
SDSS:i' 0.7634912086792646 0.004440000047907233 0.0003201562
SDSS:z' 0.9017941824088558 0.006909999996423721 3e-05
SDSS:u 0.3519021246126397 0.00028899998869746923 4e-06
SDSS:g 0.48199694202385923 0.0008430000161752105 4e-06
SDSS:r 0.6246977662012919 0.0015800000401213765 1e-05
SDSS:i 0.7634912086792645 0.0022700000554323196 1e-05
SDSS:z 0.9017941824088558 0.0031799999997019768 1e-05
2MASS:J 1.239016606050587 0.0041149999015033245 0.0005314132
2MASS:H 1.6494770729023387 0.004958571483647185 0.00089693925
2MASS:Ks 2.163785333814508 0.004413333294602732 0.0008354639
WISE:W1 3.350010705106716 0.004288000054657459 0.00019052559
WISE:W2 4.600019302768061 0.004422000050544739 0.00019052559
WISE:W3 11.559823320737255 0.01915000006556511 0.0008
WISE:W4 22.09066818952177 0.08875000104308128 0.0060827625
:=1.4GHz 214137.47000000003 0.009126666933298111 0.00088746834
