Filter Wave Flux F_er
GALEX:FUV 0.1529007283113174 3.41999998454412e-06 8.6e-07
GALEX:NUV 0.23119646641474512 7.526666649937397e-06 3.621947e-06
SDSS:u 0.3519021246126397 3.819999983534217e-05 2e-06
SDSS:g 0.48199694202385923 0.00015700000221841037 1e-06
SDSS:r 0.6246977662012919 0.0003380000125616789 2e-06
SDSS:i 0.7634912086792646 0.0005119999987073243 3e-06
SDSS:z 0.9017941824088558 0.0006900000153109431 1e-05
2MASS:J 1.239016606050587 0.0005920000257901847 0.00012969195
2MASS:H 1.649477072902339 0.000838999985717237 0.00017664937
2MASS:Ks 2.163785333814508 0.0008970000199042261 0.00023025204
WISE:W1 3.350010705106716 0.0007292500085895881 3.2619013e-05
WISE:W2 4.600019302768061 0.0006150000117486343 4.569464e-05
WISE:W3 11.559823320737257 0.0029066666029393673 0.00032908964
WISE:W4 22.090668189521768 0.011233333498239517 0.002078461
