Filter Wave Flux F_er
GALEX:FUV 0.1529007283113174 5.280000095808646e-06 2.667602e-06
GALEX:NUV 0.23119646641474512 1.2976666766917333e-05 5.379591e-06
SDSS:u 0.3519021246126397 4.053333274593266e-05 2.531798e-06
SDSS:g 0.4819969420238593 0.00016900000628083944 1e-06
SDSS:r 0.6246977662012919 0.0003773999982513487 4.8989796e-06
SDSS:i 0.7634912086792645 0.0005466666577073435 3.3166248e-06
SDSS:z 0.9017941824088558 0.0007989999721758068 4e-06
2MASS:J 1.239016606050587 0.0005751666709935913 0.00017224983
2MASS:H 1.649477072902339 0.0006820000126026571 0.00015652477
2MASS:Ks 2.163785333814508 0.0007190000033006072 0.00018559364
WISE:W1 3.350010705106716 0.0006314999918686226 2.787472e-05
WISE:W2 4.600019302768061 0.0005142499867361039 3.0049958e-05
WISE:W3 11.559823320737257 0.001226666693886121 0.000179722
WISE:W4 22.090668189521768 0.0017500000540167093 0.0011737972
:=250um 249.99371080720482 0.029100000858306885 0.0144
:=500um 499.99576043629816 -0.003470000112429261 0.01724
