Filter Wave Flux F_er
GALEX:FUV 0.1529007283113174 0.0002590000027945886 2.7712813e-05
GALEX:NUV 0.23119646641474512 0.00032299999535704654 1.9646883e-05
SDSS:g' 0.48199694202385923 0.0010499999625608325 0.00011
SDSS:r' 0.6246977662012919 0.001550000044517219 8e-05
SDSS:i' 0.7634912086792645 0.002859999891370535 3e-05
SDSS:u 0.3519021246126397 0.0003871456836937644 6.386801e-06
SDSS:g 0.48199694202385923 0.0006770333396464897 4.5343136e-06
SDSS:r 0.6246977662012919 0.00024199999461416155 3e-06
SDSS:i 0.7634912086792643 0.0017483333552566667 1.4696939e-05
SDSS:z 0.9017941824088558 0.001982666658780848 2.6381811e-05
2MASS:J 1.239016606050587 0.0024059999734163283 0.00050921505
2MASS:H 1.649477072902339 0.003485999908298254 0.00060373836
2MASS:Ks 2.1637853338145083 0.0035500000230968 0.00045000002
WISE:W1 3.3500107051067163 0.003845799996634014 0.00027265545
WISE:W2 4.600019302768061 0.005222500127274543 0.00027258025
WISE:W3 11.559823320737253 0.014299999922513962 0.0007937254
WISE:W4 22.090668189521775 0.0406333344678084 0.0036742347
