Filter Wave Flux F_er
GALEX:FUV 0.1529007283113174 1.0159999874304049e-05 6.318101e-06
GALEX:NUV 0.23119646641474512 2.184999993914971e-05 5.0249378e-06
SDSS:g' 0.48199694202385923 0.00028199999360367656 1.8e-05
SDSS:r' 0.6246977662012919 0.0006140000186860561 8.3e-05
SDSS:u 0.3519021246126397 6.13999982306268e-05 4.7381427e-06
SDSS:g 0.48199694202385923 0.0003100000030826777 2.8284271e-06
SDSS:r 0.6246977662012919 0.0007009999826550484 4.242641e-06
SDSS:i 0.7634912086792645 0.0011049999739043415 1.4142135e-05
SDSS:z 0.9017941824088558 0.001500000013038516 2.236068e-05
2MASS:J 1.239016606050587 0.0010125000165620197 0.00016376813
2MASS:H 1.6494770729023385 0.0014716666967918475 0.000250998
2MASS:Ks 2.163785333814508 0.0013899999903514981 0.00026944387
WISE:W1 3.350010705106716 0.0011166666711991031 5.196152e-05
WISE:W2 4.600019302768061 0.000769000020227395 4.2696603e-05
WISE:W3 11.559823320737257 0.00211666664108634 0.00027820855
WISE:W4 22.090668189521768 0.006569999891022841 0.0017682194
