Filter Wave Flux F_er
SDSS:u 0.3519021246126397 5.432499983726302e-05 3.5777089e-06
SDSS:g 0.4819969420238593 0.00020450000010896474 2.8284271e-06
SDSS:r 0.6246977662012919 0.0004488333409729724 5.2915025e-06
SDSS:i 0.7634912086792643 0.000678999989759177 6.324555e-06
SDSS:z 0.9017941824088558 0.0009094999986700714 1.2083046e-05
2MASS:J 1.239016606050587 0.0007633333346651247 0.00021846053
2MASS:H 1.6494770729023385 0.0009883333405014127 0.00029685014
2MASS:Ks 2.163785333814508 0.000910000002477318 0.00025474693
WISE:W1 3.350010705106716 0.0008707500091986731 3.777565e-05
WISE:W2 4.600019302768061 0.0006135000003268942 3.7576585e-05
WISE:W3 11.559823320737257 0.0028766666849454245 0.00029546575
WISE:W4 22.090668189521768 0.0047333333641290665 0.0020337403
:=250um 249.99371080720482 0.07509999722242355 0.0148
:=350um 349.99995096608495 0.023000000044703484 0.0164
:=500um 499.99576043629816 -0.0014900000533089042 0.01732
