Filter Wave Flux F_er
GALEX:FUV 0.1529007283113174 3.7900001188972965e-05 9.333809e-06
GALEX:NUV 0.23119646641474512 6.589999975403771e-05 8.34386e-06
SDSS:u 0.3519021246126397 8.230000094044954e-05 2.2472207e-06
SDSS:g 0.48199694202385923 0.0001500000071246177 1e-06
SDSS:r 0.6246977662012919 0.00023499999952036887 3.1622776e-06
SDSS:i 0.7634912086792645 0.0003465000045252964 2.236068e-06
SDSS:z 0.9017941824088558 0.0003640000068116933 6e-06
2MASS:J 1.239016606050587 0.00036100001307204366 0.00012247449
2MASS:H 1.6494770729023385 0.00040099999750964344 0.0001910602
2MASS:Ks 2.1637853338145083 0.0007699999841861427 0.00026192938
WISE:W1 3.350010705106716 0.0004805714249544378 3.368976e-05
WISE:W2 4.600019302768061 0.0006617142935283482 5.433231e-05
WISE:W3 11.559823320737253 0.007796666584908962 0.00053272885
WISE:W4 22.090668189521775 0.040933333337306976 0.0037629774
:=250um 249.99371080720482 0.14499999582767487 0.014
:=350um 349.99995096608495 0.061000000685453415 0.016
:=500um 499.99576043629816 0.029100000858306885 0.017
:=1.4GHz 214137.47000000003 0.017550000920891762 0.00072801096
