Filter Wave Flux F_er
GALEX:FUV 0.1529007283113174 2.2933333336065214e-05 5.7157677e-06
GALEX:NUV 0.23119646641474512 3.513333407075455e-05 4.448595e-06
SDSS:u 0.3519021246126397 7.789999654050916e-05 2.8e-06
SDSS:g 0.48199694202385923 0.0002680000034160912 2e-06
SDSS:r 0.6246977662012919 0.0005039999959990382 3e-06
SDSS:i 0.7634912086792646 0.0007479999912902713 5e-06
SDSS:z 0.9017941824088558 0.0009350000182166696 1.4e-05
2MASS:J 1.239016606050587 0.0005849999724887311 0.00013228756
2MASS:H 1.6494770729023385 0.0006549999816343188 0.00023282612
2MASS:Ks 2.163785333814508 0.0006370000191964209 0.00024870064
WISE:W1 3.350010705106716 0.0005063333470995227 3.3286637e-05
WISE:W2 4.600019302768061 0.0004154000082053244 3.552464e-05
WISE:W3 11.559823320737255 0.0013550000148825347 0.0002501999
WISE:W4 22.09066818952177 0.003690000041387975 0.0020112186
