Filter Wave Flux F_er
GALEX:FUV 0.1529007283113174 5.859999873791821e-06 8.8e-07
GALEX:NUV 0.23119646641474512 1.5133333363337442e-05 3.2710855e-06
SDSS:g' 0.48199694202385923 0.00042699999175965786 3.7e-05
SDSS:r' 0.6246977662012919 0.0010100000072270632 0.00013
SDSS:i' 0.7634912086792645 0.0014299999456852674 0.00046
SDSS:u 0.3519021246126397 0.00011800000356743112 3e-06
SDSS:g 0.48199694202385923 0.0005159999709576368 2e-06
SDSS:r 0.6246977662012919 0.0009830000344663858 4e-06
SDSS:i 0.7634912086792646 0.0013899999903514981 1e-05
SDSS:z 0.9017941824088558 0.0017800000496208668 1e-05
2MASS:J 1.239016606050587 0.0014000000332349113 0.00028213472
2MASS:H 1.6494770729023387 0.0015671428825174058 0.00033555922
2MASS:Ks 2.1637853338145083 0.0014199999859556556 0.00031843368
WISE:W1 3.350010705106716 0.00103666668292135 4.1231055e-05
WISE:W2 4.600019302768061 0.0006074999837437645 3.7576585e-05
WISE:W3 11.559823320737257 0.0012033333381017048 0.00027820855
WISE:W4 22.090668189521768 0.006146666749070088 0.0024207023
