Filter Wave Flux F_er
GALEX:FUV 0.1529007283113174 2.6649999199435115e-05 5.738467e-06
GALEX:NUV 0.23119646641474512 3.2949999877018854e-05 4.4598205e-06
SDSS:u 0.3519021246126397 6.906666628007467e-05 3.9799497e-06
SDSS:g 0.4819969420238593 0.0002323333319509402 2.4494898e-06
SDSS:r 0.6246977662012919 0.0004079999926034361 3.3166248e-06
SDSS:i 0.7634912086792645 0.0005610000031689802 4.8989796e-06
SDSS:z 0.9017941824088558 0.0007149999728426337 1.4e-05
2MASS:J 1.239016606050587 0.00038400001358240843 0.000120747674
2MASS:H 1.649477072902339 0.00037200000951997936 0.00015205263
2MASS:Ks 2.163785333814508 0.0005499999970197678 0.0002376005
WISE:W1 3.350010705106716 0.00047450000420212746 2.3916522e-05
WISE:W2 4.600019302768061 0.00033724999957485124 2.9765752e-05
WISE:W3 11.559823320737257 0.000744666651977847 0.00025242424
WISE:W4 22.090668189521768 0.0023533334024250507 0.0018540227
