Filter Wave Flux F_er
SDSS:u' 0.3519021246126397 4.4600001274375245e-05 2.3e-06
SDSS:g' 0.48199694202385923 0.00020300000323913991 1e-06
SDSS:r' 0.6246977662012919 0.0004910000134259462 2e-06
SDSS:i' 0.7634912086792645 0.0007939999923110008 4e-06
SDSS:z' 0.9017941824088558 0.001129999989643693 1e-05
SDSS:u 0.3519021246126397 3.7250001696520485e-05 2.404163e-06
SDSS:g 0.48199694202385923 0.0001784999985829927 1.4142136e-06
SDSS:r 0.6246977662012919 0.00044850000995211303 2.8284271e-06
SDSS:i 0.7634912086792645 0.000738000002456829 4.242641e-06
SDSS:z 0.9017941824088558 0.001069999998435378 1e-05
2MASS:J 1.239016606050587 0.0012366666148106258 0.00019723084
2MASS:H 1.6494770729023385 0.0015599999654417236 0.00031080542
2MASS:Ks 2.163785333814508 0.001509999972768128 0.00026944387
WISE:W1 3.350010705106716 0.0015199999713028471 5.8309517e-05
WISE:W2 4.600019302768061 0.0017550000047776848 6.9999995e-05
WISE:W3 11.559823320737257 0.005360000145932038 0.00032999998
WISE:W4 22.090668189521768 0.009683333337306976 0.0019851702
