Filter Wave Flux F_er
GALEX:FUV 0.1529007283113174 2.5366667008105043e-05 1.0104949e-05
GALEX:NUV 0.23119646641474512 2.3566666641272604e-05 8.200001e-06
SDSS:u' 0.3519021246126397 0.00011999999696854502 6e-06
SDSS:g' 0.48199694202385923 0.0005569999921135604 3e-06
SDSS:r' 0.6246977662012919 0.0011599999852478504 1e-05
SDSS:i' 0.7634912086792645 0.0017500000540167093 1e-05
SDSS:z' 0.9017941824088558 0.00215999991632998 3e-05
SDSS:u 0.3519021246126397 0.00012399999832268804 6e-06
SDSS:g 0.48199694202385923 0.0005200000014156103 3e-06
SDSS:r 0.6246977662012919 0.001120000029914081 1e-05
SDSS:i 0.7634912086792646 0.0016799999866634607 1e-05
SDSS:z 0.9017941824088558 0.002139999996870756 3e-05
2MASS:J 1.239016606050587 0.0006300000241026282 0.00017197384
2MASS:H 1.6494770729023385 0.0008329999982379377 0.00024076336
2MASS:Ks 2.163785333814508 0.00076299998909235 0.00026986664
WISE:W1 3.3500107051067163 0.0008959999890066683 4.422669e-05
WISE:W2 4.600019302768061 0.0006539999856613576 3.947151e-05
WISE:W3 11.559823320737255 0.0013150000013411045 0.00022090721
WISE:W4 22.09066818952177 0.0031899999594315886 0.0015611534
