Filter Wave Flux F_er
GALEX:FUV 0.1529007283113174 0.00017550000120536424 1.6673332e-05
GALEX:NUV 0.23119646641474514 0.0002852500037988648 1.4764823e-05
SDSS:g' 0.48199694202385923 0.000990999978967011 5.2e-05
SDSS:r' 0.6246977662012919 0.0015200000489130616 4e-05
SDSS:i' 0.7634912086792645 0.0019499999471008778 5e-05
SDSS:u 0.3519021246126397 0.0007035000016912818 6.3245557e-06
SDSS:i 0.7634912086792645 0.0020000000949949026 1e-05
SDSS:z 0.9017941824088558 0.002259999979287386 1e-05
2MASS:J 1.239016606050587 0.0017783332829518865 0.00039446168
2MASS:H 1.6494770729023385 0.0022350000023531416 0.0005354437
2MASS:Ks 2.1637853338145083 0.0028099999763071537 0.0004734976
WISE:W1 3.3500107051067163 0.002874999994269779 0.0001962957
WISE:W2 4.600019302768061 0.00431000002260719 0.00022068078
WISE:W3 11.559823320737253 0.014100000262260437 0.0006244998
WISE:W4 22.09066818952177 0.036340000480413436 0.0028705401
