Filter Wave Flux F_er
GALEX:NUV 0.23119646641474512 1.4050000118004391e-05 4.8600414e-06
SDSS:u 0.3519021246126397 5.32000012753997e-05 1.9e-06
SDSS:g 0.48199694202385923 0.00021300000662449747 1e-06
SDSS:r 0.6246977662012919 0.00044800000614486635 2e-06
SDSS:i 0.7634912086792645 0.0006639999919570982 4e-06
SDSS:z 0.9017941824088558 0.0008329999982379377 1e-05
2MASS:J 1.239016606050587 0.0006329999887384474 0.0001445199
2MASS:H 1.6494770729023385 0.0006840000278316438 0.00018126225
2MASS:Ks 2.163785333814508 0.0007820000173524022 0.0002620954
WISE:W1 3.350010705106716 0.0006485000048996881 2.9068884e-05
WISE:W2 4.600019302768061 0.00046275000204332173 3.2480762e-05
WISE:W3 11.559823320737257 0.0024233333145578704 0.0002660827
WISE:W4 22.090668189521768 0.007306666734317939 0.0018775249
:=1.4GHz 214137.47000000003 0.0015499999863095582 0.00019798991
