Filter Wave Flux F_er
GALEX:FUV 0.1529007283113174 9.90999978967011e-05 2.0542151e-05
GALEX:NUV 0.23119646641474512 9.842499821388628e-05 1.2278029e-05
SDSS:u 0.3519021246126397 0.0002184999975725077 4.242641e-06
SDSS:g 0.48199694202385923 0.000345499996910803 2.8284271e-06
SDSS:r 0.6246977662012919 0.000514000013936311 2.8284271e-06
SDSS:i 0.7634912086792645 0.0007875000010244548 5.6568542e-06
SDSS:z 0.9017941824088558 0.0008820000221021473 1.1704699e-05
2MASS:J 1.239016606050587 0.0008303333452204242 0.0002455382
2MASS:H 1.6494770729023385 0.0009895833112144221 0.0003290456
2MASS:Ks 2.1637853338145083 0.0010999999940395355 0.00033
WISE:W1 3.350010705106716 0.0010668333343346603 6.7149085e-05
WISE:W2 4.600019302768061 0.00137833331245929 8.1853526e-05
WISE:W3 11.559823320737255 0.00436599999666214 0.00042485291
WISE:W4 22.09066818952177 0.012060000002384186 0.0022360682
