Filter Wave Flux F_er
SDSS:g' 0.48199694202385923 0.0012100000167265534 5e-05
SDSS:r' 0.6246977662012919 0.0023399998899549246 0.00012
SDSS:i' 0.7634912086792645 0.0033499998971819878 0.0003
SDSS:u 0.3519021246126397 0.00043333332481173176 5.7445627e-06
SDSS:g 0.48199694202385923 0.0011699999449774623 0.00011
SDSS:r 0.6246977662012919 0.0031500000040978193 0.0001509967
SDSS:i 0.7634912086792645 0.004090000060386956 0.00034014703
SDSS:z 0.9017941824088558 0.006610000040382147 2e-05
2MASS:J 1.239016606050587 0.0036342857804681572 0.0005851495
2MASS:H 1.6494770729023387 0.004911428450473717 0.0009644169
2MASS:Ks 2.1637853338145083 0.0036200000904500484 0.00056338264
WISE:W1 3.3500107051067163 0.003884999896399677 0.000156205
WISE:W2 4.600019302768061 0.0026425000396557152 0.00010440306
WISE:W3 11.559823320737255 0.01126666646450758 0.00046904158
WISE:W4 22.09066818952177 0.03296666592359543 0.002487971
:=250um 249.99371080720482 0.2370000034570694 0.014
:=350um 349.99995096608495 0.0940999984741211 0.0162
:=500um 499.99576043629816 0.027899999171495438 0.0172
:=1.4GHz 214137.47 0.0025949999690055847 0.0002828427
