Filter Wave Flux F_er
GALEX:FUV 0.1529007283113174 4.399999852466863e-06 7.6e-07
GALEX:NUV 0.23119646641474512 6.1499999901570845e-06 3.0671486e-06
SDSS:u 0.3519021246126397 2.919999951700447e-05 2.2472207e-06
SDSS:g 0.48199694202385923 0.0001449999981559813 1e-06
SDSS:r 0.6246977662012919 0.0003480000013951212 2e-06
SDSS:i 0.7634912086792645 0.0005775000026915222 4.242641e-06
SDSS:z 0.9017941824088558 0.0007389999809674919 1.1e-05
2MASS:J 1.239016606050587 0.0005430000019259751 0.00018371173
2MASS:H 1.649477072902339 0.000775999971665442 0.0001910602
2MASS:Ks 2.163785333814508 0.0008079999824985862 0.00026457512
WISE:W1 3.350010705106716 0.0005692499835276976 2.6739484e-05
WISE:W2 4.600019302768061 0.0004297499908716418 2.9529647e-05
WISE:W3 11.559823320737257 0.0011533333454281092 0.00022649505
WISE:W4 22.090668189521768 0.0020533332911630473 0.0015964961
