Filter Wave Flux F_er
GALEX:FUV 0.1529007283113174 1.3349999790079892e-05 4.5276925e-06
GALEX:NUV 0.23119646641474512 9.330000011686934e-06 2.6617665e-06
SDSS:u 0.3519021246126397 4.8000001697801054e-05 3.3e-06
SDSS:g 0.48199694202385923 0.00021899999410379678 2e-06
SDSS:r 0.6246977662012919 0.0004970000009052455 3e-06
SDSS:i 0.7634912086792646 0.0007379999733529985 4e-06
SDSS:z 0.9017941824088558 0.0009500000160187483 1.1e-05
2MASS:J 1.239016606050587 0.0006389999762177467 0.00018126225
2MASS:H 1.6494770729023385 0.0007539999787695706 0.0001910602
2MASS:Ks 2.163785333814508 0.0008140000281855464 0.00024739845
WISE:W1 3.350010705106716 0.0006362499843817204 3.0789608e-05
WISE:W2 4.600019302768061 0.00048100000276463106 3.354102e-05
WISE:W3 11.559823320737257 0.0008780000110467275 0.00026510566
WISE:W4 22.090668189521768 0.0021699999924749136 0.0015697769
