Filter Wave Flux F_er
GALEX:FUV 0.1529007283113174 2.9200000426499173e-05 1.0395191e-05
GALEX:NUV 0.23119646641474512 3.506666689645499e-05 8.545174e-06
SDSS:u 0.3519021246126397 0.0001289999927394092 3e-06
SDSS:g 0.4819969420238593 0.0001990000018849969 1e-06
SDSS:r 0.6246977662012919 0.00038300000596791506 2e-06
SDSS:i 0.7634912086792643 0.0006179999909363687 3e-06
SDSS:z 0.9017941824088558 0.0007689999765716493 1.1e-05
2MASS:J 1.239016606050587 0.0005450000171549618 0.00014287057
2MASS:H 1.6494770729023385 0.0007600000244565308 0.00021430585
2MASS:Ks 2.163785333814508 0.0008430000161752105 0.00023547186
WISE:W1 3.3500107051067163 0.0008969000118668191 7.958643e-05
WISE:W2 4.600019302768061 0.001223999985086266 7.968061e-05
WISE:W3 11.559823320737253 0.0023671427874692847 0.00040890096
WISE:W4 22.090668189521775 0.006489999902745088 0.0025973832
