Filter Wave Flux F_er
SDSS:u' 0.3519021246126397 0.00011899999663000926 6e-06
SDSS:g' 0.48199694202385923 0.0005029999883845448 4e-06
SDSS:r' 0.6246977662012919 0.0010900000343099236 1e-05
SDSS:i' 0.7634912086792645 0.0017300000181421638 1e-05
SDSS:z' 0.9017941824088558 0.0023399998899549246 2e-05
SDSS:u 0.3519021246126397 9.109999882639386e-05 6.5053823e-06
SDSS:g 0.48199694202385923 0.0004555000050459057 4.242641e-06
SDSS:i 0.7634912086792645 0.0016349999932572246 1.4142135e-05
SDSS:z 0.9017941824088558 0.0021699999924749136 2.236068e-05
2MASS:J 1.239016606050587 0.0008317142824775406 0.00020165813
2MASS:H 1.6494770729023385 0.0010434285504743457 0.00029106872
2MASS:Ks 2.1637853338145083 0.000957000011112541 0.00024340911
WISE:W1 3.350010705106716 0.0011133333124841254 5.196152e-05
WISE:W2 4.600019302768061 0.0008060000109253451 3.8574603e-05
WISE:W3 11.559823320737257 0.0030666666571050882 0.00024372115
WISE:W4 22.090668189521768 0.00651999997595946 0.0013810503
