Filter Wave Flux F_er
GALEX:FUV 0.1529007283113174 2.525000081732287e-05 9.401596e-06
GALEX:NUV 0.23119646641474512 5.0075001126970164e-05 5.6053545e-06
SDSS:u' 0.3519021246126397 0.00014000000373926014 3e-06
SDSS:g' 0.48199694202385923 0.0003429999924264848 2e-06
SDSS:r' 0.6246977662012919 0.0006140000186860561 3e-06
SDSS:i' 0.7634912086792645 0.0008880000095814466 4e-06
SDSS:z' 0.9017941824088558 0.00107999995816499 1e-05
2MASS:J 1.239016606050587 0.0010400000028312206 0.00014696938
2MASS:H 1.6494770729023385 0.0014100000262260437 0.0002204541
2MASS:Ks 2.163785333814508 0.001610000035725534 0.00024494898
WISE:W1 3.3500107051067163 0.0014650000375695527 6.5574386e-05
WISE:W2 4.600019302768061 0.0014800000237300992 7.6157725e-05
WISE:W3 11.559823320737255 0.008299999637529254 0.00040583248
WISE:W4 22.09066818952177 0.015550000593066216 0.0019519222
