Filter Wave Flux F_er
GALEX:FUV 0.1529007283113174 1.8024999917543028e-05 8.14862e-06
GALEX:NUV 0.23119646641474512 3.819999983534217e-05 5.7861903e-06
SDSS:u 0.3519021246126397 0.00015100000018719584 3e-06
SDSS:g 0.48199694202385923 0.0002530000056140125 2e-06
SDSS:r 0.6246977662012919 0.00042699999175965786 2e-06
SDSS:i 0.7634912086792645 0.0006339999963529408 3e-06
SDSS:z 0.9017941824088558 0.000754999986384064 9e-06
2MASS:J 1.239016606050587 0.0008069999748840928 0.0001768898
2MASS:H 1.6494770729023385 0.000981000019237399 0.00017159837
2MASS:Ks 2.1637853338145083 0.0009350000182166696 0.00025455846
WISE:W1 3.350010705106716 0.0009032714515342377 6.726812e-05
WISE:W2 4.600019302768061 0.0011100000119768083 6.78233e-05
WISE:W3 11.559823320737255 0.0022679999470710754 0.00036193922
WISE:W4 22.09066818952177 0.005638000089675188 0.0023264994
