Filter Wave Flux F_er
GALEX:FUV 0.1529007283113174 1.035999988137822e-05 4.729017e-06
GALEX:NUV 0.23119646641474512 2.686666690957888e-05 5.7358525e-06
SDSS:g' 0.48199694202385923 0.0004870000120718032 5e-06
SDSS:u 0.3519021246126397 0.0001229999979841523 3.6055512e-06
SDSS:g 0.48199694202385923 0.0005170000076759607 2.236068e-06
SDSS:r 0.6246977662012919 0.0009749999735504389 4e-06
SDSS:i 0.7634912086792645 0.0013699999544769526 1e-05
SDSS:z 0.9017941824088558 0.0017600000137463212 1e-05
2MASS:J 1.239016606050587 0.0014400000024276476 0.00023345235
2MASS:H 1.6494770729023385 0.0020650000854705772 0.00033466402
2MASS:Ks 2.163785333814508 0.0018599999602884054 0.00029068883
WISE:W1 3.350010705106716 0.001259999970595042 5.196152e-05
WISE:W2 4.600019302768061 0.0006443999998737126 3.792097e-05
WISE:W3 11.559823320737257 0.0018799999573578436 0.00018493242
WISE:W4 22.090668189521768 0.0033366666175425053 0.0015535122
