Filter Wave Flux F_er
GALEX:FUV 0.1529007283113174 6.656666664639488e-05 1.4213374e-05
GALEX:NUV 0.23119646641474512 7.986666848106931e-05 5.001e-06
SDSS:g' 0.48199694202385923 0.0004980000085197389 7e-06
SDSS:r' 0.6246977662012919 0.0009830000344663858 8e-05
SDSS:u 0.3519021246126397 0.00018666666195107004 6e-06
SDSS:g 0.4819969420238593 0.000674666662234813 3e-06
SDSS:i 0.7634912086792645 0.0020499999712531767 1.7320508e-05
SDSS:z 0.9017941824088558 0.0023399998899549246 2.236068e-05
2MASS:J 1.239016606050587 0.0009877142729237676 0.00029374988
2MASS:H 1.6494770729023385 0.0011597143020480871 0.00039909148
2MASS:Ks 2.163785333814508 0.0009549999958835542 0.00034659338
WISE:W1 3.350010705106716 0.0008740000048419461 7.3573094e-05
WISE:W2 4.600019302768061 0.0005496000056155026 5.329165e-05
WISE:W3 11.559823320737255 0.0014422499807551503 0.00036
