Filter Wave Flux F_er
GALEX:FUV 0.1529007283113174 1.8366667063673958e-05 7.481978e-06
GALEX:NUV 0.23119646641474512 4.193333370494656e-05 4.33359e-06
SDSS:g' 0.48199694202385923 0.0002969999914057553 2.5e-05
SDSS:u 0.3519021246126397 9.919999865815043e-05 4.6e-06
SDSS:g 0.48199694202385923 0.0003980000037699938 2e-06
SDSS:r 0.6246977662012919 0.0007520000217482448 3e-06
SDSS:i 0.7634912086792646 0.0010400000028312206 1e-05
SDSS:z 0.9017941824088558 0.0013200000394135714 2e-05
2MASS:J 1.239016606050587 0.00046999999904073775 0.00016166632
2MASS:H 1.6494770729023385 0.000539999979082495 0.00023270154
2MASS:Ks 2.163785333814508 0.0006539999740198255 0.00029065617
WISE:W1 3.3500107051067163 0.0006016000115778297 3.318132e-05
WISE:W2 4.600019302768061 0.00047175000509014353 3.40294e-05
WISE:W3 11.559823320737257 0.0016466666323443253 0.000273313
WISE:W4 22.090668189521768 0.0025599999353289604 0.0016829141
