Filter Wave Flux F_er
GALEX:FUV 0.1529007283113174 6.289999873843044e-06 9.4e-07
GALEX:NUV 0.23119646641474512 1.5700000403739978e-05 4.535416e-06
SDSS:u 0.3519021246126397 5.709999823011458e-05 1.8e-06
SDSS:g 0.48199694202385923 0.00016900000628083944 1e-06
SDSS:r 0.6246977662012919 0.000311999989207834 2e-06
SDSS:i 0.7634912086792646 0.00046999999904073775 3e-06
SDSS:z 0.9017941824088558 0.0005729999975301325 8e-06
2MASS:J 1.239016606050587 0.0005670000100508332 0.00015186837
2MASS:H 1.6494770729023385 0.0007019999902695417 0.0002204541
2MASS:Ks 2.163785333814508 0.0008999999845400453 0.0002645449
WISE:W1 3.3500107051067163 0.000606600008904934 2.922328e-05
WISE:W2 4.600019302768061 0.0004917999962344765 3.4073448e-05
WISE:W3 11.559823320737257 0.0035200000274926424 0.00030066594
WISE:W4 22.090668189521768 0.00955666663746039 0.0017554488
