Filter Wave Flux F_er
GALEX:FUV 0.1529007283113174 5.985000098007731e-05 1.3223085e-05
GALEX:NUV 0.23119646641474512 7.47499980207067e-05 1.1402193e-05
SDSS:u' 0.3519021246126397 0.0003100000030826777 9e-06
SDSS:r' 0.6246977662012919 0.002739999908953905 1e-05
SDSS:i' 0.7634912086792645 0.003980000037699938 1e-05
SDSS:z' 0.9017941824088558 0.005200000014156103 4e-05
SDSS:u 0.3519021246126397 0.00024049999774433672 1.13137085e-05
SDSS:g 0.48199694202385923 0.0011500000255182385 1.4142135e-05
SDSS:r 0.6246977662012919 0.002465000026859343 1.4142135e-05
SDSS:i 0.7634912086792645 0.0036250000121071935 1.4142135e-05
SDSS:z 0.9017941824088558 0.004639999940991402 4.472136e-05
2MASS:J 1.239016606050587 0.0015457142809672014 0.00033555922
2MASS:H 1.6494770729023385 0.0017585714480706624 0.00045596051
2MASS:Ks 2.163785333814508 0.0014700000174343586 0.00036742346
WISE:W1 3.3500107051067163 0.001736666657961905 6.928203e-05
WISE:W2 4.600019302768061 0.001075000036507845 5.2915024e-05
WISE:W3 11.559823320737255 0.002613333286717534 0.00024879712
WISE:W4 22.09066818952177 0.00343000004068017 0.0017228465
