Filter Wave Flux F_er
GALEX:FUV 0.1529007283113174 1.1299999641778413e-05 3.1e-06
GALEX:NUV 0.23119646641474512 2.700000004551839e-05 3.5e-06
SDSS:u 0.3519021246126397 8.10999990790151e-05 8.010618e-06
SDSS:g 0.4819969420238593 0.00039099999897492427 4.358899e-06
SDSS:r 0.6246977662012919 0.0007512000040151179 9.110433e-06
SDSS:i 0.7634912086792645 0.0013500000350177288 1.4142135e-05
SDSS:z 0.9017941824088558 0.0018400000408291817 2.236068e-05
2MASS:J 1.239016606050587 0.0006107499939389527 0.00022196397
2MASS:H 1.6494770729023387 0.0008701249898876995 0.000285993
2MASS:Ks 2.1637853338145083 0.0008099999977275729 0.00027515815
WISE:W1 3.350010705106716 0.0007749999931547791 3.433657e-05
WISE:W2 4.600019302768061 0.0005077500100014731 3.2326458e-05
WISE:W3 11.559823320737257 0.0008800000068731606 0.00022084384
:=250um 249.99371080720482 0.03460000082850456 0.0144
:=350um 349.99995096608495 0.02319999970495701 0.016
