Filter Wave Flux F_er
GALEX:FUV 0.1529007283113174 3.337500038469443e-05 1.1847362e-05
GALEX:NUV 0.23119646641474512 4.747500042867614e-05 1.0061312e-05
SDSS:u 0.3519021246126397 6.68499997118488e-05 2.3706539e-06
SDSS:g 0.48199694202385923 0.00012939999942318536 1.4866068e-06
SDSS:r 0.6246977662012919 0.00021234999439911917 1.8027756e-06
SDSS:i 0.7634912086792645 0.00030249999690568075 5e-06
SDSS:z 0.9017941824088558 0.00015799999528098851 4e-06
2MASS:J 1.239016606050587 0.00036299999919719994 0.00014287057
2MASS:H 1.6494770729023385 0.0005119999987073243 0.00025663787
2MASS:Ks 2.163785333814508 0.0005619999719783664 0.00024494898
WISE:W1 3.350010705106716 0.0007892222104904553 5.2076866e-05
WISE:W2 4.600019302768061 0.0008798889013835125 7.031359e-05
WISE:W3 11.559823320737255 0.002060000057099387 0.000311127
WISE:W4 22.090668189521775 0.004965714312025479 0.0021450408
