Filter Wave Flux F_er
SDSS:g' 0.48199694202385923 0.0023799999617040157 5e-05
SDSS:r' 0.6246977662012919 0.004769999999552965 3e-05
SDSS:u 0.3519021246126397 0.0008689999813213944 7e-06
SDSS:g 0.48199694202385923 0.003280000062659383 1e-05
SDSS:r 0.6246977662012919 0.006149999797344208 1e-05
SDSS:i 0.7634912086792645 0.008550000376999378 2e-05
2MASS:J 1.239016606050587 0.004483333323150873 0.00069856993
2MASS:H 1.6494770729023387 0.006008333448941509 0.0009364294
2MASS:Ks 2.1637853338145083 0.005040000192821026 0.00072006945
WISE:W1 3.3500107051067163 0.00864499993622303 0.00032924156
WISE:W2 4.600019302768061 0.007972499937750399 0.00027730849
WISE:W3 11.559823320737255 0.037766666462024055 0.0010392305
WISE:W4 22.09066818952177 0.12866666416327158 0.0051961527
:=1.4GHz 214137.47000000003 0.00107999995816499 0.00015
