Filter Wave Flux F_er
SDSS:u' 0.3519021246126397 0.000914999982342124 8e-06
SDSS:g' 0.48199694202385923 0.002470000006724149 2.236068e-05
SDSS:r' 0.6246977662012919 0.004735000082291663 0.00024020823
SDSS:i' 0.7634912086792645 0.006545000011101365 0.0002302173
SDSS:u 0.3519021246126397 0.0007399999885819852 7e-06
SDSS:g 0.48199694202385923 0.0022149999858811498 2.236068e-05
SDSS:r 0.6246977662012919 0.004485000041313469 0.00024020823
SDSS:i 0.7634912086792645 0.0064050001092255116 0.00025019993
SDSS:z 0.9017941824088558 0.009669999592006207 2e-05
2MASS:J 1.239016606050587 0.006777777646978696 0.0010644717
2MASS:H 1.649477072902339 0.008544444623920653 0.0017543944
2MASS:Ks 2.1637853338145083 0.00749000022187829 0.000926013
WISE:W1 3.350010705106716 0.006316000060178339 0.00040484566
WISE:W2 4.600019302768061 0.00433240010170266 0.0002698444
WISE:W3 11.559823320737255 0.008327499876031652 0.00071140705
WISE:W4 22.09066818952177 0.03070000062386195 0.0052076867
:=1.4GHz 214137.47000000003 0.006180000025779009 0.00044631827
