Filter Wave Flux F_er
GALEX:FUV 0.1529007283113174 9.486000053584575e-05 1.8043282e-05
GALEX:NUV 0.23119646641474514 8.9640001533553e-05 1.0863701e-05
SDSS:u' 0.3519021246126397 0.00016900000628083944 2e-06
SDSS:g' 0.48199694202385923 0.00018000000272877514 1e-06
SDSS:r' 0.6246977662012919 0.00021399999968707561 1e-06
SDSS:i' 0.7634912086792645 0.0002880000101868063 2e-06
SDSS:z' 0.9017941824088558 0.0002500000118743628 4e-06
SDSS:u 0.35190212461263964 0.00016933333245106041 1.118034e-05
SDSS:g 0.4819969420238593 0.00017537500025355257 8e-06
SDSS:r 0.6246977662012919 0.00020399999993969686 8e-06
SDSS:i 0.7634912086792643 0.00027462499565444887 1.3038404e-05
SDSS:z 0.9017941824088559 0.00023925000641611405 1.603122e-05
2MASS:J 1.239016606050587 0.00036336363568394023 0.00013929824
2MASS:H 1.649477072902339 0.000651545478666032 0.00023760051
2MASS:Ks 2.1637853338145083 0.0008848888812483185 0.00015233844
:=3.6um 3.599986286565157 0.0014199999859556556 3e-05
:=4.5um 4.499969349004068 0.0020699999295175076 4e-05
WISE:W1 3.3500107051067167 0.0013208333499884854 0.00010392305
WISE:W2 4.600019302768061 0.0021892307648578514 0.0001452584
WISE:W3 11.559823320737253 0.00629083327172945 0.0005347897
WISE:W4 22.090668189521775 0.014163636602461338 0.0025709919
