Filter Wave Flux F_er
SDSS:u' 0.3519021246126397 5.3899999329587445e-05 3.6e-06
SDSS:g' 0.48199694202385923 0.00029399999766610563 2e-06
SDSS:r' 0.6246977662012919 0.0006750000175088644 3e-06
SDSS:z' 0.9017941824088558 0.0013699999544769526 1e-05
SDSS:u 0.3519021246126397 4.940000144415535e-05 3e-06
SDSS:g 0.48199694202385923 0.0002800000074785203 2e-06
SDSS:r 0.6246977662012919 0.0006520000169984996 3e-06
SDSS:i 0.7634912086792645 0.0009749999735504389 4e-06
SDSS:z 0.9017941824088558 0.0013099999632686377 1e-05
2MASS:J 1.239016606050587 0.0012799999482619266 0.0002034699
2MASS:H 1.6494770729023385 0.0012716666872923572 0.00032999998
2MASS:Ks 2.163785333814508 0.0013699999544769526 0.0002236068
WISE:W1 3.350010705106716 0.001019999966956675 4.1231055e-05
WISE:W2 4.600019302768061 0.0007110000005923212 4.1460826e-05
WISE:W3 11.559823320737257 0.0003913333348464221 0.00024226433
