Filter Wave Flux F_er
SDSS:u 0.3519021246126397 0.00014350000128615648 5.8309515e-06
SDSS:g 0.4819969420238593 0.0003704999980982393 2.8284271e-06
SDSS:r 0.6246977662012919 0.0007354999834205955 5e-06
SDSS:i 0.7634912086792643 0.0014599999994970858 1.4142135e-05
SDSS:z 0.9017941824088558 0.0016250000335276127 2.236068e-05
2MASS:J 1.239016606050587 0.0013057142995031817 0.00017776388
2MASS:H 1.6494770729023385 0.002127142789374505 0.00026115132
2MASS:Ks 2.163785333814508 0.003659999929368496 0.00031843368
WISE:W1 3.350010705106716 0.006781428586691618 0.00033570823
WISE:W2 4.600019302768061 0.009612856964979852 0.00043416585
WISE:W3 11.559823320737255 0.024379999563097953 0.0008944272
WISE:W4 22.09066818952177 0.06814999878406525 0.0045276927
Spitzer/MIPS:24 23.674678828081813 0.0689999982714653 0.0004
Spitzer/MIPS:70 71.41996807699637 0.2630000114440918 0.008
Spitzer/MIPS:160 155.8983140925637 0.257999986410141 0.051
:=1.4GHz 214137.47000000006 0.016499999910593033 0.0012727922
