Filter Wave Flux F_er
SDSS:u' 0.3519021246126397 0.00012099999730708078 4e-06
SDSS:g' 0.48199694202385923 0.0005099999834783375 3e-06
SDSS:i' 0.7634912086792645 0.002090000081807375 1e-05
SDSS:z' 0.9017941824088558 0.0026400000788271427 2e-05
SDSS:u 0.3519021246126397 6.659999780822545e-05 2.9e-06
SDSS:g 0.48199694202385923 0.0004189999890513718 2e-06
SDSS:r 0.6246977662012919 0.0009800000116229057 4e-06
SDSS:i 0.7634912086792646 0.00171999994199723 1e-05
SDSS:z 0.9017941824088558 0.0022299999836832285 1e-05
2MASS:J 1.239016606050587 0.0017860000021755694 0.00018867962
2MASS:H 1.6494770729023385 0.0022059999406337737 0.00024413111
2MASS:Ks 2.1637853338145083 0.0023499999660998583 0.00024596747
WISE:W1 3.350010705106716 0.0028945714626128654 0.00018845689
WISE:W2 4.600019302768061 0.003384999930858612 0.00015684387
WISE:W3 11.559823320737255 0.005590000189840794 0.0004431704
WISE:W4 22.09066818952177 0.014150000177323818 0.0026683328
:=1.4GHz 214137.47 0.022549999877810478 0.00082462106
