Filter Wave Flux F_er
GALEX:FUV 0.1529007283113174 6.989999928919133e-05 1.0456099e-05
GALEX:NUV 0.23119646641474514 8.807499943941366e-05 8.136339e-06
SDSS:u 0.3519021246126397 7.576249936391832e-05 6.2337785e-06
SDSS:g 0.4819969420238593 8.568571398167737e-05 2.9137605e-06
SDSS:r 0.6246977662012919 0.00011657142853696964 3.1622778e-06
SDSS:i 0.7634912086792643 0.0001488571412794824 7.6157735e-06
SDSS:z 0.9017941824088558 0.00023042857355903834 1.7860571e-05
2MASS:J 1.239016606050587 0.0004104545514564961 0.00016281892
2MASS:H 1.649477072902339 0.0005188181848180565 0.00021498605
2MASS:Ks 2.1637853338145083 0.0006761110853403807 0.00021266878
WISE:W1 3.3500107051067167 0.0006610428671202888 6.603666e-05
WISE:W2 4.600019302768061 0.0008913846238731191 9.5603355e-05
WISE:W3 11.559823320737253 0.001710000040475279 0.0005500909
WISE:W4 22.090668189521775 0.00611727282574231 0.0038270617
