Filter Wave Flux F_er
GALEX:FUV 0.1529007283113174 0.0001049999991664663 1.0535654e-05
GALEX:NUV 0.23119646641474514 0.00010769999971671496 5.7861907e-06
SDSS:u 0.3519021246126397 0.00014383500041503794 8.093461e-06
SDSS:g 0.4819969420238593 0.00016770000053968812 6.808818e-06
SDSS:r 0.6246977662012919 0.0002221428564683135 1.3601471e-05
SDSS:i 0.7634912086792643 0.00032071428514817465 2.078461e-05
SDSS:z 0.9017941824088558 0.0003192857132359807 2.5455844e-05
2MASS:J 1.239016606050587 0.0007216666514674822 0.00019427043
2MASS:H 1.649477072902339 0.0008218333241529763 0.0002759058
2MASS:Ks 2.1637853338145083 0.0011088888471325238 0.00024
WISE:W1 3.350010705106716 0.0015250000287778676 0.0001
WISE:W2 4.600019302768061 0.002111111120838258 0.00014177446
WISE:W3 11.559823320737255 0.008607499999925494 0.0006228965
WISE:W4 22.090668189521775 0.029971429013780186 0.0037389838
