Filter Wave Flux F_er
GALEX:FUV 0.1529007283113174 1.249999968422344e-05 5.6568542e-06
GALEX:NUV 0.23119646641474512 1.700000029813964e-05 3.8183766e-06
SDSS:u 0.3519021246126397 3.899999865097925e-05 2.4e-06
SDSS:g 0.48199694202385923 0.00018600000475998968 2.8284271e-06
SDSS:r 0.6246977662012919 0.00045849999878555536 4.242641e-06
SDSS:i 0.7634912086792645 0.0007144999981392175 5.6568542e-06
SDSS:z 0.9017941824088558 0.0009309999877586961 5e-06
2MASS:J 1.239016606050587 0.0006182857323437929 0.00016799108
2MASS:H 1.6494770729023385 0.0008725714370874422 0.00028733953
2MASS:Ks 2.163785333814508 0.0008769999840296805 0.00020780039
WISE:W1 3.3500107051067163 0.0005996749932819512 4.2617485e-05
WISE:W2 4.600019302768061 0.0013833333505317569 5.7445624e-05
WISE:W3 11.559823320737255 0.003860000055283308 0.00019798991
WISE:W4 22.09066818952177 0.009359999559819698 0.0015132085
Herschel/SPIRE:250 249.99371080720482 0.03759999945759773 0.0074
Herschel/SPIRE:350 362.9976001356129 0.017799999564886093 0.0081
