Filter Wave Flux F_er
GALEX:FUV 0.1529007283113174 0.0002765000026556663 1.8973666e-05
GALEX:NUV 0.23119646641474514 0.00039250000554602593 1.2489996e-05
SDSS:u' 0.3519021246126397 0.000707999977748841 7e-06
SDSS:g' 0.48199694202385923 0.0008720000041648746 0.000112
SDSS:r' 0.6246977662012919 0.0016700000269338489 0.00052
SDSS:z' 0.9017941824088558 0.0019099999917671084 2e-05
SDSS:u 0.3519021246126397 0.0003517142904456705 1.0999999e-05
SDSS:g 0.4819969420238593 0.0004348333313828334 1.421267e-05
SDSS:r 0.6246977662012919 0.0004404000006616116 1.3416408e-05
SDSS:i 0.7634912086792643 0.000875000007605801 2.9068882e-05
SDSS:z 0.9017941824088558 0.0007196666847448796 2.04939e-05
2MASS:J 1.239016606050587 0.0016214285694461847 0.0002844293
2MASS:H 1.6494770729023385 0.002127142872528306 0.00040298884
2MASS:Ks 2.1637853338145083 0.0027566666507886518 0.000359444
WISE:W1 3.350010705106716 0.0033828888521788437 0.00021193395
WISE:W2 4.600019302768061 0.004364999942481518 0.0002236068
WISE:W3 11.559823320737253 0.01904285645910672 0.0009165152
WISE:W4 22.090668189521775 0.052100000104733875 0.0040853396
:=1.4GHz 214137.47 0.004500000039115548 0.0004237924
