Filter Wave Flux F_er
GALEX:FUV 0.1529007283113174 3.97000003431458e-05 9.4731195e-06
GALEX:NUV 0.23119646641474512 7.293333328561857e-05 8.950419e-06
SDSS:u 0.3519021246126397 9.662499996920815e-05 6.7734777e-06
SDSS:g 0.4819969420238593 0.00023333333471479514 3e-06
SDSS:r 0.6246977662012919 0.0004533333315824469 4.690416e-06
SDSS:i 0.7634912086792643 0.0007016666738005976 7.0710676e-06
SDSS:z 0.9017941824088558 0.0008776666363701224 1.5779733e-05
2MASS:J 1.239016606050587 0.0009342857104326997 0.00020283983
2MASS:H 1.6494770729023387 0.0013068571320867964 0.00031762873
2MASS:Ks 2.1637853338145083 0.001315714292494314 0.00029597298
WISE:W1 3.350010705106716 0.002019374987867195 0.00013365627
WISE:W2 4.600019302768061 0.0023494286329618524 0.0001520592
WISE:W3 11.559823320737253 0.006688333116471767 0.00054110994
WISE:W4 22.090668189521775 0.012583333378036817 0.003426193
