Filter Wave Flux F_er
GALEX:FUV 0.1529007283113174 6.479999910879997e-06 4.7835447e-06
GALEX:NUV 0.23119646641474514 1.1399999721106724e-05 4.5574116e-06
SDSS:u 0.3519021246126397 4.703750119006145e-05 3.8288376e-06
SDSS:g 0.4819969420238593 8.574285727393414e-05 3.1304953e-06
SDSS:r 0.6246977662012919 0.00014228571464108036 5e-06
SDSS:i 0.7634912086792643 0.0002074285688909835 7.6157735e-06
SDSS:z 0.9017941824088558 0.0002861428615038416 1.8275667e-05
2MASS:J 1.239016606050587 0.00035836362671530384 0.0001959847
2MASS:H 1.649477072902339 0.00061563634715805 0.0002731849
2MASS:Ks 2.1637853338145083 0.0006999999815080729 0.0002453365
WISE:W1 3.3500107051067167 0.0007402307550924328 6.129437e-05
WISE:W2 4.600019302768061 0.0010853845787306244 9.433981e-05
WISE:W3 11.559823320737253 0.002006666657204429 0.00036578684
WISE:W4 22.090668189521775 0.005570909177715128 0.0023860848
:=1.4GHz 214137.47000000003 0.0011500000255182385 0.00014
