Filter Wave Flux F_er
GALEX:FUV 0.1529007283113174 2.88799998088507e-05 1.20552895e-05
GALEX:NUV 0.23119646641474514 4.128000000491738e-05 1.0458968e-05
SDSS:u' 0.3519021246126397 3.684500029521587e-05 5.794381e-06
SDSS:g' 0.48199694202385923 8.205000115898049e-05 2.8624465e-06
SDSS:r' 0.6246977662012919 0.000159653661247224 3.6172755e-06
SDSS:i' 0.7634912086792646 0.00021567000514248016 6.295467e-06
SDSS:z' 0.9017941824088558 0.00026946666518294177 1.9826255e-05
SDSS:u 0.3519021246126397 6.890749966714793e-05 5.106359e-06
SDSS:g 0.4819969420238593 0.0001441555546585328 3.6414283e-06
SDSS:r 0.6246977662012919 0.0002611111091634181 4.313931e-06
SDSS:i 0.7634912086792645 0.000371288888143479 6.1139185e-06
SDSS:z 0.901794182408856 0.00046139999758452175 1.7933211e-05
2MASS:J 1.239016606050587 0.0005159999709576368 0.00015874508
2MASS:H 1.6494770729023385 0.00046400001156143844 0.00021695161
2MASS:Ks 2.163785333814508 0.0005339999916031957 0.00020901434
WISE:W1 3.350010705106716 0.00045033334026811644 3.0364452e-05
WISE:W2 4.600019302768061 0.0003851999994367361 3.671512e-05
WISE:W3 11.559823320737255 0.001185000000987202 0.00030265492
