Filter Wave Flux F_er
GALEX:FUV 0.1529007283113174 1.2700000297627412e-05 6e-07
GALEX:NUV 0.23119646641474512 2.2199999875738285e-05 8e-07
SDSS:u' 0.3519021246126397 1.8549999367678538e-05 1.7804493e-06
SDSS:g' 0.48199694202385923 2.5600000299164094e-05 9.2195444e-07
SDSS:r' 0.6246977662012919 2.5350000214530155e-05 1e-06
SDSS:i' 0.7634912086792645 3.8300000596791506e-05 1.7691807e-06
SDSS:z' 0.9017941824088558 4.189999890513718e-05 4.957822e-06
SDSS:u 0.3519021246126396 1.7437499877814844e-05 4.0124805e-06
SDSS:g 0.4819969420238592 2.493181822997444e-05 2.184033e-06
SDSS:r 0.6246977662012919 2.4819999998726418e-05 2.364318e-06
SDSS:i 0.7634912086792647 3.711999970619217e-05 4.18569e-06
SDSS:z 0.901794182408856 4.3044999983976595e-05 1.188907e-05
:=3.6um 3.599986286565157 0.00020199999562464654 7e-06
:=4.5um 4.499969349004068 0.00023200000578071922 1.3e-05
WISE:W1 3.3500107051067167 0.00020199999898278082 2.9291637e-05
WISE:W2 4.600019302768061 0.0002530769203216411 5.2697247e-05
WISE:W3 11.559823320737253 0.0006858181864531202 0.0003866303
WISE:W4 22.09066818952177 0.0035000001080334187 0.00012
