Filter Wave Flux F_er
GALEX:FUV 0.1529007283113174 1.9550000615708996e-05 6.216913e-06
GALEX:NUV 0.23119646641474512 3.325000034237746e-05 4.5607017e-06
SDSS:u' 0.3519021246126397 3.6299999919719994e-05 1.7e-06
SDSS:g' 0.48199694202385923 5.4299998737405986e-05 1.6e-06
SDSS:r' 0.6246977662012919 5.869999949936755e-05 1.2e-06
SDSS:i' 0.7634912086792645 7.750000077066943e-05 1.7e-06
SDSS:z' 0.9017941824088558 9.059999865712598e-05 5.6e-06
SDSS:u 0.35190212461263964 3.731111104975248e-05 5.2697246e-06
SDSS:g 0.4819969420238593 5.662499916070374e-05 4.2918527e-06
SDSS:r 0.6246977662012919 6.073750000723521e-05 3.2542282e-06
SDSS:i 0.7634912086792643 7.982500119396718e-05 4.6743985e-06
SDSS:z 0.9017941824088559 9.124999814957846e-05 1.5653115e-05
2MASS:J 1.239016606050587 0.0002280000044265762 8.34386e-05
:=3.6um 3.599986286565157 0.00036800000816583633 1.1e-05
:=4.5um 4.499969349004068 0.00047500000800937414 1.7e-05
WISE:W1 3.350010705106716 0.00034911111449926265 3.3481338e-05
WISE:W2 4.600019302768061 0.00048688888394584257 5.4580214e-05
WISE:W3 11.559823320737255 0.0013199999957578257 0.0004039802
WISE:W4 22.090668189521775 0.005281428673437664 0.0026800933
