Filter Wave Flux F_er
GALEX:FUV 0.15290072831131743 0.00012850000348407775 1.8708288e-05
GALEX:NUV 0.23119646641474517 9.888333200554673e-05 1.034698e-05
SDSS:u' 0.3519021246126397 0.00027049999334849417 1.029563e-05
SDSS:g' 0.48199694202385923 0.00027350000164005905 1.0630146e-05
SDSS:r' 0.6246977662012919 0.00027600000612437725 6.403124e-06
SDSS:i' 0.7634912086792646 0.000345499996910803 1.3453624e-05
SDSS:z' 0.9017941824088558 0.00032500000088475645 9.899495e-06
SDSS:u 0.3519021246126397 0.00027588888769969344 1.4525839e-05
SDSS:g 0.48199694202385934 0.0002609400100482162 1.9336236e-05
SDSS:r 0.6246977662012919 0.0002838750042428728 1.077033e-05
SDSS:i 0.7634912086792645 0.0003492499999993015 2.657066e-05
SDSS:z 0.901794182408856 0.0003434999962337315 2.059126e-05
2MASS:J 1.239016606050587 0.0004173333363723941 0.00015934867
2MASS:H 1.649477072902339 0.0005029999980858216 0.0002904135
2MASS:Ks 2.1637853338145083 0.0007559999998193234 0.00027101106
:=3.6um 3.599986286565157 0.0007280000136233866 1.9e-05
:=4.5um 4.499969349004068 0.0009190000128000975 2.7e-05
WISE:W1 3.3500107051067163 0.000691454540091482 6.276145e-05
WISE:W2 4.600019302768061 0.0009476363828236407 9.13236e-05
WISE:W3 11.559823320737253 0.0020550000248476864 0.0004303487
WISE:W4 22.09066818952177 0.0077511113033526475 0.0030348806
