Filter Wave Flux F_er
GALEX:FUV 0.1529007283113174 1.0866666646810094e-05 4.277616e-06
GALEX:NUV 0.23119646641474512 4.0966666953560584e-05 4.822862e-06
SDSS:u 0.3519021246126397 0.00035099999513477087 5e-06
SDSS:g 0.48199694202385923 0.0006539999740198255 2e-06
SDSS:i 0.7634912086792645 0.0017900000093504786 1e-05
SDSS:z 0.9017941824088558 0.0019399999873712659 1e-05
2MASS:J 1.239016606050587 0.0018500000005587935 0.00021166011
2MASS:H 1.6494770729023387 0.0029100000392645597 0.00042332022
2MASS:Ks 2.1637853338145083 0.004449999891221523 0.00039191835
WISE:W1 3.350010705106716 0.005697500018868595 0.0003176476
WISE:W2 4.600019302768061 0.006922499858774245 0.00035185224
WISE:W3 11.559823320737255 0.026571428137166158 0.0010583005
WISE:W4 22.090668189521775 0.08626666913429896 0.0055533773
:=1.4GHz 214137.47000000003 0.028200000524520874 0.0012
