Filter Wave Flux F_er
GALEX:NUV 0.23119646641474512 0.00019749999773921445 1.5556348e-05
SDSS:g' 0.48199694202385923 0.002099999925121665 8e-05
SDSS:r' 0.6246977662012919 0.004430000204592943 0.00012
SDSS:i' 0.7634912086792645 0.007019999902695417 0.00038
SDSS:g 0.48199694202385923 0.0020800000056624413 8e-05
SDSS:r 0.6246977662012919 0.004399999976158142 0.00012
SDSS:i 0.7634912086792645 0.0069599999114871025 0.00039
2MASS:J 1.239016606050587 0.006008750176988542 0.0011026332
2MASS:H 1.6494770729023387 0.007731249963399023 0.0015752778
2MASS:Ks 2.163785333814508 0.005379999987781048 0.00087778136
WISE:W1 3.350010705106716 0.006356000015512109 0.0002660827
WISE:W2 4.600019302768061 0.003924000030383468 0.00015652477
WISE:W3 11.559823320737255 0.008133333486815294 0.00037669617
WISE:W4 22.09066818952177 0.017000000302990276 0.002022375
