Filter Wave Flux F_er
GALEX:FUV 0.1529007283113174 1.739999970595818e-05 3.7e-06
GALEX:NUV 0.23119646641474512 2.0900000890833326e-05 2.7e-06
2MASS:J 1.239016606050587 0.0006600000197067857 0.000120025
2MASS:H 1.6494770729023387 0.0007489999989047647 0.00018126225
2MASS:Ks 2.1637853338145083 0.0012499999720603228 0.00019595918
WISE:W1 3.3500107051067163 0.0011123375320494233 7.9418445e-05
WISE:W2 4.600019302768061 0.0029024999821558595 0.00015905974
WISE:W3 11.559823320737255 0.011671428302569049 0.00052915025
WISE:W4 22.090668189521775 0.07103333125511806 0.00489898
Herschel/PACS:100 100.00081990726842 0.9490000009536743 0.042
Herschel/PACS:160 160.0002444361424 0.5849999785423279 0.044
Herschel/SPIRE:250 249.99371080720482 0.21799999475479126 0.008
Herschel/SPIRE:350 362.9976001356129 0.07339999824762344 0.0083
Herschel/SPIRE:500 516.9994274578785 0.0142000000923872 0.009
:=1.4GHz 214137.47000000003 0.13300000131130219 0.004
