Filter Wave Flux F_er
GALEX:FUV 0.1529007283113174 0.00010900000052060932 1.2124356e-05
GALEX:NUV 0.23119646641474512 9.980000322684646e-05 9.006664e-06
SDSS:u 0.3519021246126397 0.00015842857413060431 8.366601e-06
SDSS:g 0.4819969420238593 0.0001518333325899827 4.582576e-06
SDSS:r 0.6246977662012919 0.00018300000131906322 5.385165e-06
SDSS:i 0.7634912086792643 0.00024716666666790843 6.403124e-06
SDSS:z 0.9017941824088558 0.00028899999839874607 1.6763055e-05
2MASS:J 1.239016606050587 0.0004823846191776773 0.00020219052
2MASS:H 1.649477072902339 0.0006357692495489923 0.00033810205
2MASS:Ks 2.1637853338145083 0.0007820000231731683 0.0003152824
WISE:W1 3.3500107051067163 0.0008797272933985699 8.4723084e-05
WISE:W2 4.600019302768061 0.0011763636192137544 9.5393916e-05
WISE:W3 11.559823320737255 0.0031859999988228084 0.00049355853
WISE:W4 22.09066818952177 0.008620000030431483 0.003424208
