Filter Wave Flux F_er
GALEX:FUV 0.1529007283113174 0.0005249999812804163 1.5e-05
GALEX:NUV 0.23119646641474512 0.0009059999720193446 1.3e-05
SDSS:g' 0.48199694202385923 0.00215999991632998 2e-05
SDSS:r' 0.6246977662012919 0.0024999999441206455 0.00011
SDSS:i' 0.7634912086792645 0.0031399999279528856 8e-05
2MASS:J 1.239016606050587 0.00406000018119812 0.00035199433
2MASS:H 1.649477072902339 0.005549999885261059 0.000506557
2MASS:Ks 2.1637853338145083 0.009359999559819698 0.00059632206
:=3.6um 3.599986286565157 0.01145000010728836 0.0004242641
:=4.5um 4.499969349004068 0.01500000013038516 0.00064031244
WISE:W1 3.350010705106716 0.01124999967093269 0.0005385165
WISE:W2 4.600019302768061 0.015599999576807022 0.0007348469
WISE:W3 11.559823320737253 0.03918333351612091 0.0014696938
WISE:W4 22.09066818952177 0.1096000000834465 0.0063245553
