Filter Wave Flux F_er
GALEX:FUV 0.1529007283113174 1.5899999198154546e-05 4.384062e-06
GALEX:NUV 0.23119646641474512 2.7800000680144876e-05 3.5355338e-06
SDSS:u 0.3519021246126397 7.276666534986968e-05 4.0853397e-06
SDSS:g 0.48199694202385923 0.00017564285683744987 3.0265494e-06
SDSS:r 0.6246977662012919 0.00034299999554475235 3.8729836e-06
SDSS:i 0.7634912086792645 0.0004944285673056063 5.8309524e-06
SDSS:z 0.9017941824088558 0.0006093750052968971 1.7349352e-05
2MASS:J 1.239016606050587 0.0005729999975301325 0.00012699608
2MASS:H 1.6494770729023385 0.0007779999868944287 0.00023811765
2MASS:Ks 2.163785333814508 0.0007149999728426337 0.00021430585
:=3.6um 3.599986286565157 0.0006000000284984708 5e-06
:=4.5um 4.499969349004068 0.0004030000127386302 5e-06
WISE:W1 3.350010705106716 0.00047171666543969576 3.2315478e-05
WISE:W2 4.600019302768061 0.00036460000555962326 3.7496666e-05
WISE:W3 11.559823320737255 0.0009419999842066318 0.00028071337
WISE:W4 22.09066818952177 0.003160000080242753 0.0014566401
