Filter Wave Flux F_er
GALEX:FUV 0.1529007283113174 1.7500000467407517e-05 1.3e-06
GALEX:NUV 0.23119646641474512 2.9599999834317714e-05 1.3e-06
SDSS:u 0.3519021246126397 1.7566666978533856e-05 1.8897999e-06
SDSS:g 0.4819969420238593 5.604999978459091e-05 1.1791523e-06
SDSS:r 0.6246977662012919 0.00021951666894892696 5.8429446e-06
SDSS:i 0.7634912086792645 0.00021439999666957496 2.84605e-06
SDSS:z 0.9017941824088558 9.03999971342273e-05 4.6e-06
2MASS:J 1.239016606050587 0.000375000003259629 0.00014941888
WISE:W1 3.350010705106716 0.00042607142573355565 2.9449788e-05
WISE:W2 4.600019302768061 0.00043499999689326313 3.4088123e-05
WISE:W3 11.559823320737255 0.0016499999910593033 0.00019026297
WISE:W4 22.09066818952177 0.004985000006854534 0.001374409
:=250um 249.99371080720485 0.06589999794960022 0.017636325
:=350um 349.99995096608495 0.03720000013709068 0.020330764
