Filter Wave Flux F_er
GALEX:FUV 0.1529007283113174 3.197500018359278e-05 1.283277e-05
GALEX:NUV 0.23119646641474514 4.347499998402782e-05 8.36421e-06
SDSS:u 0.35190212461263964 9.468888957700174e-05 7.18401e-06
SDSS:g 0.4819969420238593 0.00012887500179203926 4.7958315e-06
SDSS:r 0.6246977662012919 0.00012775000504916534 4.1231056e-06
SDSS:i 0.7634912086792643 0.00014887500037730206 6.403124e-06
SDSS:z 0.9017941824088559 0.00015775000065332279 1.4966629e-05
2MASS:J 1.239016606050587 0.0002680000034160912 4.3e-05
2MASS:H 1.6494770729023387 0.00041166665808608133 0.00013049137
2MASS:Ks 2.163785333814508 0.00047899999481160194 0.00011808895
:=3.6um 3.599986286565157 0.0010000000474974513 2e-05
:=4.5um 4.499969349004068 0.0014199999859556556 3e-05
WISE:W1 3.350010705106716 0.0009423333297794064 6.624953e-05
WISE:W2 4.600019302768061 0.0015066666787283288 9.695359e-05
WISE:W3 11.559823320737255 0.0029074999620206654 0.00038910154
WISE:W4 22.090668189521775 0.008521428597824914 0.0027262247
