Filter Wave Flux F_er
GALEX:FUV 0.1529007283113174 1.7899999875226058e-05 9e-07
GALEX:NUV 0.23119646641474512 2.6399999114801176e-05 6e-07
SDSS:u' 0.3519021246126397 3.5650000427267514e-05 2.404163e-06
SDSS:g' 0.48199694202385923 4.859999899053946e-05 1.2727921e-06
SDSS:r' 0.6246977662012919 5.5950000387383625e-05 1.979899e-06
SDSS:i' 0.7634912086792646 7.064999954309314e-05 2.8284271e-06
SDSS:z' 0.9017941824088558 7.114999971236102e-05 7.778174e-06
SDSS:u 0.3519021246126397 3.673750006782939e-05 4.7822587e-06
SDSS:g 0.4819969420238593 4.9642857837690304e-05 2.317326e-06
SDSS:r 0.6246977662012919 5.681428540680956e-05 3.4496377e-06
SDSS:i 0.7634912086792643 7.020000131368371e-05 4.8774996e-06
SDSS:z 0.9017941824088558 7.358571435491155e-05 1.4215836e-05
2MASS:H 1.6494770729023385 0.00020500000391621143 8.202439e-05
WISE:W1 3.3500107051067163 0.0002910909084179862 3.1654385e-05
WISE:W2 4.600019302768061 0.00045954546658322215 5.0724746e-05
WISE:W3 11.559823320737255 0.0013410000014118851 0.00032109188
WISE:W4 22.09066818952177 0.003118888863051931 0.0023256182
