Filter Wave Flux F_er
GALEX:FUV 0.1529007283113174 2.2400000185977358e-05 6.936858e-06
GALEX:NUV 0.23119646641474512 3.856666686867053e-05 6.723838e-06
SDSS:u' 0.3519021246126397 2.8300000849412754e-05 1.4e-06
SDSS:g' 0.48199694202385923 4.3000000005122274e-05 1.5e-06
SDSS:r' 0.6246977662012919 4.389999958220869e-05 9e-07
SDSS:i' 0.7634912086792645 4.8400001105619594e-05 1.3e-06
SDSS:z' 0.9017941824088558 4.940000144415535e-05 3.2e-06
SDSS:u 0.3519021246126397 2.88500001867457e-05 2.9816104e-06
SDSS:g 0.48199694202385923 4.3599999480647965e-05 3.897435e-06
SDSS:r 0.6246977662012919 4.353999902377837e-05 2.5e-06
SDSS:i 0.7634912086792643 4.83600000734441e-05 2.9068883e-06
SDSS:z 0.9017941824088558 5.054000139352866e-05 7.334848e-06
WISE:W1 3.350010705106716 0.0002628888824902889 2.1e-05
WISE:W2 4.600019302768061 0.0004405555502873742 3.8065733e-05
WISE:W3 11.559823320737255 0.0012337500374997035 0.00023494681
WISE:W4 22.090668189521775 0.0036185714416205883 0.0016003124
