Filter Wave Flux F_er
GALEX:FUV 0.1529007283113174 1.61599997227313e-05 4.8197508e-06
GALEX:NUV 0.23119646641474514 1.5020000319054816e-05 3.7e-06
SDSS:u' 0.3519021246126397 2.8700000257231295e-05 1.5e-06
SDSS:g' 0.48199694202385923 4.5900000259280205e-05 1.1e-06
SDSS:r' 0.6246977662012919 6.910000229254365e-05 1.3e-06
SDSS:i' 0.7634912086792645 9.349999891128391e-05 2.2e-06
SDSS:z' 0.9017941824088558 9.73999995039776e-05 4.8e-06
SDSS:u 0.3519021246126397 3.192000003764406e-05 2.435159e-06
SDSS:g 0.4819969420238593 4.6309999379445796e-05 1.8275667e-06
SDSS:r 0.6246977662012919 7.095999826560729e-05 2.3000002e-06
SDSS:i 0.7634912086792643 9.268999856431037e-05 3.3436506e-06
SDSS:z 0.901794182408856 9.597999960533343e-05 8.3648065e-06
:=3.6um 3.599986286565157 0.00019099999917671084 8.544004e-06
:=4.5um 4.499969349004068 0.00027550000231713057 1.5297059e-05
WISE:W1 3.350010705106716 0.00017666666341635087 1.9052559e-05
WISE:W2 4.600019302768061 0.0002908333456919839 4.31509e-05
WISE:W3 11.559823320737255 0.0007873999886214734 0.00043872884
WISE:W4 22.09066818952177 0.0038039999548345805 0.00295161
