Filter Wave Flux F_er
GALEX:FUV 0.1529007283113174 9.950000276148785e-06 3.74e-06
GALEX:NUV 0.23119646641474512 3.5150000257999636e-05 5.141984e-06
SDSS:u' 0.3519021246126397 5.450000026030466e-05 1.9e-06
SDSS:g' 0.48199694202385923 7.300000288523734e-05 1.1e-06
SDSS:r' 0.6246977662012919 7.719999848632142e-05 1.3e-06
SDSS:i' 0.7634912086792645 9.029999637277797e-05 1.5e-06
SDSS:z' 0.9017941824088558 9.970000246539712e-05 4.1e-06
SDSS:u 0.35190212461263964 5.8070000523002816e-05 6.1351448e-06
SDSS:g 0.48199694202385934 7.90000008742532e-05 3.6290494e-06
SDSS:r 0.6246977662012919 8.133333338062382e-05 3.751e-06
SDSS:i 0.7634912086792645 9.280000004865642e-05 5.132251e-06
SDSS:z 0.901794182408856 0.00010281111139597165 1.2636851e-05
2MASS:H 1.6494770729023385 0.00028300000121816993 9.050967e-05
WISE:W1 3.3500107051067167 0.00032533333433093503 3.5142566e-05
WISE:W2 4.600019302768061 0.0005015833303332329 6.229767e-05
WISE:W3 11.559823320737253 0.0013060000026598572 0.00040385642
