Filter Wave Flux F_er
GALEX:FUV 0.1529007283113174 2.5800000003073364e-05 3e-07
GALEX:NUV 0.23119646641474512 3.0100000003585592e-05 2e-07
SDSS:u' 0.3519021246126397 5.2600000344682485e-05 2e-06
SDSS:g' 0.48199694202385923 5.2200000936863944e-05 2e-06
SDSS:r' 0.6246977662012919 6.040000153006986e-05 2e-06
SDSS:i' 0.7634912086792645 7.280000136233866e-05 1.9e-06
SDSS:z' 0.9017941824088558 9.509999654255807e-05 3.9e-06
SDSS:u 0.35190212461263964 5.217500029175426e-05 5.5964274e-06
SDSS:g 0.48199694202385934 5.317142910956006e-05 4.6249324e-06
SDSS:r 0.6246977662012919 6.161428661601218e-05 4.71911e-06
SDSS:i 0.7634912086792643 7.379999962202939e-05 4.577117e-06
SDSS:z 0.9017941824088559 9.867142944131047e-05 1.0448923e-05
2MASS:J 1.239016606050587 0.0001507500019215513 4.2579337e-05
2MASS:H 1.6494770729023385 0.0002275000006193295 7.0505324e-05
2MASS:Ks 2.163785333814508 0.0003323333221487701 6.6977605e-05
WISE:W1 3.350010705106716 0.00032899999253762263 2.9444864e-05
WISE:W2 4.600019302768061 0.0003918888849309749 4.2107007e-05
WISE:W3 11.559823320737255 0.0008332499855896458 0.00030622378
WISE:W4 22.090668189521775 0.00273428564625127 0.0020125606
Spitzer/MIPS:24 23.674678828081813 0.002016666733349363 4.5825756e-05
