Filter Wave Flux F_er
GALEX:FUV 0.1529007283113174 7.63000025472138e-06 3.36e-06
GALEX:NUV 0.23119646641474512 1.093333321477985e-05 6.2425956e-06
SDSS:u 0.3519021246126397 3.61333331966307e-05 3.867816e-06
SDSS:g 0.48199694202385934 8.981428410541932e-05 2.1679484e-06
SDSS:r 0.6246977662012919 0.00022072857141860628 3.0594117e-06
SDSS:i 0.7634912086792643 0.0003422857095886554 4.8989796e-06
SDSS:z 0.9017941824088558 0.0004345714322490884 1.5e-05
2MASS:J 1.239016606050587 0.00036700000055134296 0.00016101553
2MASS:H 1.6494770729023385 0.0005159999709576368 0.00018520259
2MASS:Ks 2.163785333814508 0.0007229999755509198 0.00022488886
WISE:W1 3.3500107051067163 0.00057960000121966 3.1272994e-05
WISE:W2 4.600019302768061 0.0005000000004656613 3.6728736e-05
WISE:W3 11.559823320737255 0.001034499960951507 0.00028539446
WISE:W4 22.09066818952177 0.0050749999936670065 0.0021874185
