Filter Wave Flux F_er
GALEX:NUV 0.23119646641474514 6.617500048378133e-06 3.2346406e-06
SDSS:u' 0.3519021246126397 2.370000038354192e-05 1.2e-06
SDSS:g' 0.48199694202385923 3.0800001695752144e-05 8e-07
SDSS:r' 0.6246977662012919 3.9999998989515007e-05 8e-07
SDSS:i' 0.7634912086792645 5.6400000175926834e-05 1.2e-06
SDSS:z' 0.9017941824088558 7.110000296961516e-05 3.4e-06
SDSS:u 0.35190212461263964 2.5977777517659382e-05 3.515679e-06
SDSS:g 0.4819969420238593 3.389999983482994e-05 2.123676e-06
SDSS:r 0.6246977662012919 4.288749960323912e-05 2.2891045e-06
SDSS:i 0.7634912086792643 5.87749996157072e-05 3.254228e-06
SDSS:z 0.9017941824088559 7.473750065400964e-05 9.728823e-06
2MASS:H 1.6494770729023385 0.0002449999932044496 0.00010854492
2MASS:Ks 2.163785333814508 0.0002505000011296943 9.4047864e-05
:=3.6um 3.599986286565157 0.00016500000492669642 7e-06
:=4.5um 4.499969349004068 0.00017800000205170363 1.1e-05
WISE:W1 3.350010705106716 0.0001768888889475622 2.368544e-05
WISE:W2 4.600019302768061 0.0001858888911859443 3.9774364e-05
WISE:W3 11.559823320737255 0.00042662499981815927 0.00034085187
