Filter Wave Flux F_er
GALEX:FUV 0.1529007283113174 5.7520000700606035e-05 9.610932e-06
GALEX:NUV 0.23119646641474514 0.00010892000136664137 9.360021e-06
SDSS:u 0.3519021246126397 0.00014427272650540215 1.2124356e-05
SDSS:g 0.48199694202385934 0.00018770000169752166 1.2961481e-05
SDSS:r 0.6246977662012919 0.00019130000291625037 1.396424e-05
SDSS:i 0.7634912086792645 0.00021779999951831996 1.0816653e-05
SDSS:z 0.9017941824088561 0.00020690000237664208 1.7691806e-05
2MASS:J 1.239016606050587 0.00033099998836405575 0.00010465181
2MASS:Ks 2.163785333814508 0.00029399999766610563 7.5e-05
:=3.6um 3.599986286565157 0.0004579999949783087 1.3e-05
:=4.5um 4.499969349004068 0.0006079999729990959 2e-05
WISE:W1 3.3500107051067163 0.0004412999929627404 3.9217342e-05
WISE:W2 4.600019302768061 0.0006344999943394214 6.443601e-05
WISE:W3 11.559823320737255 0.0010509999628993683 0.00042867352
WISE:W4 22.09066818952177 0.0037257143495870487 0.0031491905
