Filter Wave Flux F_er
GALEX:FUV 0.1529007283113174 5.619999986568776e-06 3.2349035e-06
GALEX:NUV 0.23119646641474514 1.1836666393113168e-05 3.1957002e-06
SDSS:u 0.3519021246126397 8.735000164961093e-06 1.6835974e-06
SDSS:g 0.4819969420238593 1.340000017080456e-05 6.403124e-07
SDSS:r 0.6246977662012919 2.550000014404456e-05 1.0488088e-06
SDSS:i 0.7634912086792645 3.809999907389283e-05 1.4594519e-06
SDSS:z 0.9017941824088558 5.1633333593296506e-05 4.828043e-06
:=3.6um 3.599986286565157 0.0002519999979995191 9e-06
:=4.5um 4.499969349004068 0.00044100001105107367 1.5e-05
WISE:W1 3.350010705106716 0.00022737500330549665 2.2203603e-05
WISE:W2 4.600019302768061 0.00047162500050035305 4.6162757e-05
WISE:W3 11.559823320737253 0.001471428549848497 0.00033689762
WISE:W4 22.090668189521775 0.004295000107958913 0.0024341939
:=1.4GHz 214137.47000000003 0.002369999885559082 0.00015
