Filter Wave Flux F_er
SDSS:g' 0.48199694202385923 0.0005789999850094318 2.6e-05
SDSS:r' 0.6246977662012919 0.0011899999808520079 3e-05
SDSS:u 0.3519021246126397 0.0003100000030826777 1.2206556e-05
SDSS:g 0.48199694202385923 0.0013599999947473407 1e-05
SDSS:r 0.6246977662012919 0.0023999999975785613 1.4142135e-05
SDSS:i 0.7634912086792645 0.0035249999491497874 1.4142135e-05
SDSS:z 0.9017941824088558 0.004749999847263098 3.605551e-05
2MASS:J 1.239016606050587 0.0015099999533655744 0.0003667424
2MASS:H 1.649477072902339 0.0017933333874680102 0.00061163714
2MASS:Ks 2.163785333814508 0.0011899999808520079 0.00031843368
WISE:W1 3.350010705106716 0.0009998571310591484 6.959167e-05
WISE:W2 4.600019302768061 0.0007648333218336726 5.2990566e-05
WISE:W3 11.559823320737255 0.0025300000173350177 0.00024372115
WISE:W4 22.09066818952177 0.005590000034620364 0.0017210171
