Filter Wave Flux F_er
GALEX:FUV 0.1529007283113174 4.380000063974876e-06 2.7152898e-06
GALEX:NUV 0.23119646641474512 1.0699999923720801e-05 4.293018e-06
SDSS:u 0.3519021246126397 1.2299999525566818e-06 8.9e-07
SDSS:g 0.4819969420238593 2.9799999538226984e-05 5e-07
SDSS:r 0.6246977662012919 3.5799999750452116e-05 8e-07
SDSS:i 0.7634912086792645 3.7000001611886546e-05 1e-06
SDSS:z 0.9017941824088558 2.2899999748915434e-05 2.9e-06
2MASS:J 1.239016606050587 0.0005080000264570117 0.00015609933
2MASS:H 1.6494770729023385 0.0006430000066757202 0.00023018036
2MASS:Ks 2.163785333814508 0.0007639999967068434 0.00026457512
WISE:W1 3.350010705106716 0.00043802498157674563 3.258374e-05
WISE:W2 4.600019302768061 0.0005518333540142825 3.8987175e-05
WISE:W3 11.559823320737255 0.0013000000035390258 0.0002607681
WISE:W4 22.09066818952177 0.005025000078603625 0.001914419
