Filter Wave Flux F_er
GALEX:FUV 0.1529007283113174 1.8499999896448571e-06 4e-07
GALEX:NUV 0.23119646641474512 7.183333461095269e-06 4.0670384e-06
SDSS:u 0.3519021246126397 6.692857173870184e-05 4.7296935e-06
SDSS:g 0.48199694202385923 0.00016559999785386025 2.236068e-06
SDSS:r 0.6246977662012919 0.0002885999972932041 6.3245557e-06
SDSS:i 0.7634912086792643 0.0004644999959661315 8.602326e-06
SDSS:z 0.9017941824088558 0.0005123333442800989 1.22474485e-05
2MASS:J 1.239016606050587 0.0007699999841861427 0.00016466937
2MASS:H 1.6494770729023387 0.0010499999625608325 0.00033
2MASS:Ks 2.1637853338145083 0.0014799999771639705 0.0002828427
:=3.6um 3.599986286565157 0.0018500000005587935 1e-05
:=4.5um 4.499969349004068 0.0020099999383091927 1e-05
WISE:W1 3.3500107051067167 0.0018058333080261946 0.00014
WISE:W2 4.600019302768061 0.0021669230817888793 0.00017464248
WISE:W3 11.559823320737253 0.006133333469430606 0.0006937579
WISE:W4 22.090668189521775 0.022590909491885792 0.004549725
