Filter Wave Flux F_er
GALEX:FUV 0.15290072831131743 2.8983333322685212e-05 9.399468e-06
GALEX:NUV 0.23119646641474517 4.5016665656779274e-05 7.5053317e-06
SDSS:u 0.35190212461263964 9.149090791734952e-05 6.5916615e-06
SDSS:g 0.48199694202385934 0.00010790000014821999 5.5677647e-06
SDSS:r 0.6246977662012919 0.00011050000102841295 4.690416e-06
SDSS:i 0.7634912086792643 0.0001167000002169516 6.3245557e-06
SDSS:z 0.901794182408856 0.00018699999782256782 1.8083141e-05
2MASS:J 1.239016606050587 0.00022200000239536166 8.626703e-05
2MASS:H 1.6494770729023385 0.0003480000013951212 0.00010889444
:=3.6um 3.599986286565157 0.0004459999909158796 1.3e-05
:=4.5um 4.499969349004068 0.0006000000284984708 2e-05
WISE:W1 3.3500107051067163 0.0004223636298609728 4.0348485e-05
WISE:W2 4.600019302768061 0.0006423636170273477 7.535251e-05
WISE:W3 11.559823320737253 0.0017310000257566571 0.00067000004
WISE:W4 22.09066818952177 0.008073333133425977 0.004597151
