Filter Wave Flux F_er
GALEX:FUV 0.1529007283113174 5.843333444014812e-05 1.0565511e-05
GALEX:NUV 0.23119646641474512 6.896666794394453e-05 7.967434e-06
SDSS:u 0.3519021246126397 0.00012600000081874896 5.6568542e-06
SDSS:g 0.4819969420238593 0.00013971428727797632 7.416199e-06
SDSS:r 0.6246977662012919 0.00019571428752637336 7.416199e-06
SDSS:i 0.7634912086792643 0.000255000004212239 1.1532563e-05
SDSS:z 0.9017941824088558 0.0002452857193670103 1.7860571e-05
2MASS:J 1.239016606050587 0.00034339999256189914 0.00010783784
2MASS:H 1.6494770729023387 0.0004747999890241772 0.0001704494
2MASS:Ks 2.1637853338145083 0.000604222231130633 0.00019433734
:=3.6um 3.599986286565157 0.0004959999932907522 1.3e-05
:=4.5um 4.499969349004068 0.0005549999768845737 1.8e-05
WISE:W1 3.3500107051067163 0.0004954000149155035 4.1880783e-05
WISE:W2 4.600019302768061 0.0005615999922156334 5.8480764e-05
WISE:W3 11.559823320737255 0.0013577777426689863 0.0004243819
WISE:W4 22.09066818952177 0.0041600000113248825 0.0031459338
:=1.4GHz 214137.47000000003 0.0013000000035390258 0.00014
