Filter Wave Flux F_er
GALEX:FUV 0.1529007283113174 2.4899999698391184e-05 6.3560997e-06
GALEX:NUV 0.23119646641474514 4.007999959867448e-05 4.567275e-06
SDSS:u' 0.3519021246126397 6.900000153109431e-05 1.6e-06
SDSS:g' 0.48199694202385923 8.430000161752105e-05 1.3e-06
SDSS:r' 0.6246977662012919 7.670000195503235e-05 2.2e-06
SDSS:i' 0.7634912086792645 8.38999985717237e-05 3.6e-06
SDSS:z' 0.9017941824088558 8.410000009462237e-05 6.7e-06
SDSS:u 0.3519021246126396 6.404000113103724e-05 5.4260945e-06
SDSS:g 0.48199694202385934 7.967999954416882e-05 3.835362e-06
SDSS:r 0.6246977662012919 7.600999924761709e-05 5.374942e-06
SDSS:i 0.7634912086792645 8.718999961274677e-05 9.388823e-06
SDSS:z 0.901794182408856 9.359999894513749e-05 1.6414324e-05
2MASS:H 1.6494770729023385 0.0003239999932702631 0.00010182338
:=3.6um 3.599986286565157 0.0003129999968223274 9e-06
:=4.5um 4.499969349004068 0.0003800000122282654 1.4e-05
WISE:W1 3.3500107051067167 0.00029666666584186413 3.3896904e-05
WISE:W2 4.600019302768061 0.0004185454560105096 5.5812183e-05
WISE:W3 11.559823320737255 0.0004951111170359784 0.00034556765
WISE:W4 22.09066818952177 0.002391428653416889 0.0019870582
