Filter Wave Flux F_er
GALEX:FUV 0.1529007283113174 0.0001763333323954915 2.598076e-05
GALEX:NUV 0.23119646641474512 0.0005503333328912655 2.8301944e-05
SDSS:u 0.3519021246126397 0.0009711111067897744 4.1749252e-05
SDSS:g 0.48199694202385923 0.0014024999691173434 5.3851647e-05
SDSS:r 0.6246977662012919 0.0016862499760463834 5.8309517e-05
SDSS:i 0.7634912086792645 0.001786250009899959 5.8309517e-05
SDSS:z 0.9017941824088559 0.0018812499765772372 8e-05
2MASS:J 1.239016606050587 0.0018518181856382978 0.00022649505
2MASS:H 1.6494770729023385 0.0019754544958810916 0.00029849625
2MASS:Ks 2.1637853338145083 0.002177777829476529 0.00026362852
WISE:W1 3.3500107051067163 0.0031209091274914417 0.00022158521
WISE:W2 4.600019302768061 0.0036581818183714695 0.00022825426
WISE:W3 11.559823320737255 0.0042119999416172504 0.00042261093
WISE:W4 22.09066818952177 0.006170000042766332 0.002375584
:=1.4GHz 214137.47 0.008919999934732914 0.00051662367
