Filter Wave Flux F_er
GALEX:FUV 0.1529007283113174 5.16500003868714e-05 1.3616534e-05
GALEX:NUV 0.23119646641474514 8.549999984097667e-05 8.266196e-06
SDSS:u' 0.3519021246126397 0.00015100000018719584 3e-06
SDSS:g' 0.48199694202385923 0.00018000000272877514 7e-06
SDSS:r' 0.6246977662012919 0.00017600000137463212 2e-06
SDSS:i' 0.7634912086792645 0.00017800000205170363 2e-06
SDSS:z' 0.9017941824088558 0.0001880000054370612 4e-06
SDSS:u 0.35190212461263964 0.0001601111111489849 6.403124e-06
SDSS:g 0.4819969420238593 0.0001813749986467883 1.7058723e-05
SDSS:r 0.6246977662012919 0.00017674999980954453 6.244998e-06
SDSS:i 0.7634912086792643 0.00017824999849835876 8.124039e-06
SDSS:z 0.9017941824088559 0.000191250004718313 1.3152947e-05
:=3.6um 3.599986286565157 0.00048600000445730984 1.3e-05
:=4.5um 4.499969349004068 0.0006820000126026571 2e-05
WISE:W1 3.350010705106716 0.0004496666596322838 3.7973674e-05
WISE:W2 4.600019302768061 0.0007128889103316598 6.415606e-05
WISE:W3 11.559823320737255 0.001542500001960434 0.00041388406
WISE:W4 22.090668189521775 0.0038242858302380356 0.002701111
