Filter Wave Flux F_er
GALEX:FUV 0.1529007283113174 1.0200000360782724e-05 5.23259e-06
GALEX:NUV 0.23119646641474512 2.049999966402538e-05 4.808326e-06
SDSS:u 0.3519021246126397 4.10250004279078e-05 3.6728736e-06
SDSS:g 0.48199694202385923 6.811249954807863e-05 1.7088008e-06
SDSS:r 0.6246977662012919 0.00013084286131613356 2.5e-06
SDSS:i 0.7634912086792645 0.0001955142880823197 3.0805845e-06
SDSS:z 0.9017941824088558 0.00023150000106397783 1.00498755e-05
2MASS:J 1.239016606050587 0.00028199999360367656 0.00012162237
2MASS:H 1.6494770729023385 0.00029299999005161226 0.00017461959
2MASS:Ks 2.1637853338145083 0.0005009999731555581 0.00021496046
WISE:W1 3.3500107051067163 0.00033839999232441185 2.338803e-05
WISE:W2 4.600019302768061 0.00033920000423677267 3.3674918e-05
WISE:W3 11.559823320737255 0.0014299999456852674 0.00028071337
WISE:W4 22.09066818952177 0.0034000000450760126 0.002189292
