Filter Wave Flux F_er
GALEX:NUV 0.23119646641474512 7.516666907273854e-06 4.722838e-06
SDSS:u' 0.3519021246126397 1.0099999599333387e-05 1e-06
SDSS:g' 0.48199694202385923 1.6199999663513154e-05 4e-07
SDSS:r' 0.6246977662012919 3.680000008898787e-05 1e-06
SDSS:i' 0.7634912086792645 5.5199998314492404e-05 1.5e-06
SDSS:z' 0.9017941824088558 8.399999933317304e-05 3.9e-06
SDSS:u 0.3519021246126397 1.140000040322775e-05 1.2e-06
SDSS:g 0.48199694202385923 1.809999957913533e-05 5e-07
SDSS:r 0.6246977662012919 3.9999998989515007e-05 1.1e-06
SDSS:i 0.7634912086792645 5.9300000430084765e-05 1.6e-06
SDSS:z 0.9017941824088558 8.469999738736078e-05 3.9e-06
2MASS:J 1.239016606050587 0.00020199999562464654 8.8e-05
2MASS:H 1.6494770729023387 0.0004490000137593597 0.000158
2MASS:Ks 2.163785333814508 0.0005799999926239252 0.00015876083
WISE:W1 3.350010705106716 0.0014539999887347222 7.211103e-05
WISE:W2 4.600019302768061 0.002260000018092493 0.00011224972
WISE:W3 11.559823320737255 0.004451999999582767 0.00037161808
WISE:W4 22.09066818952177 0.010700000450015068 0.0024166093
:=1.4GHz 214137.47000000003 0.0013599999947473407 0.00014
