Filter Wave Flux F_er
SDSS:u' 0.3519021246126397 0.00011500000255182385 5.6568542e-06
SDSS:g' 0.48199694202385923 0.00015100000018719584 2.8284271e-06
SDSS:r' 0.6246977662012919 0.0002749999985098839 2.8284271e-06
SDSS:i' 0.7634912086792645 0.0003819999983534217 4.242641e-06
SDSS:u 0.3519021246126397 8.550000347895548e-05 1.8e-06
SDSS:g 0.48199694202385923 0.00014800000644754618 1e-06
SDSS:r 0.6246977662012919 0.00031800000579096377 1e-06
SDSS:i 0.7634912086792646 0.0004250000056345016 3e-06
2MASS:J 1.239016606050587 0.0004140000091865659 0.00014287057
2MASS:H 1.6494770729023385 0.0005499999970197678 0.00017461959
2MASS:Ks 2.163785333814508 0.0005430000019259751 0.00026722086
WISE:W1 3.3500107051067163 0.0005902000004425645 3.0149627e-05
WISE:W2 4.600019302768061 0.0005369999795220793 3.6496574e-05
WISE:W3 11.559823320737255 0.001400000008288771 0.00021213203
WISE:W4 22.09066818952177 0.0033950000070035458 0.0015915402
