Filter Wave Flux F_er
GALEX:FUV 0.1529007283113174 2.9799999538226984e-05 1.3e-06
GALEX:NUV 0.23119646641474512 8.07999967946671e-05 4.5e-06
SDSS:u' 0.3519021246126397 6.949999806238338e-05 2.2e-06
SDSS:g' 0.48199694202385923 0.00010299999848939478 3e-06
SDSS:r' 0.6246977662012919 0.00011500000255182385 3e-06
SDSS:i' 0.7634912086792645 0.00013099999341648072 3e-06
SDSS:z' 0.9017941824088558 0.00012700000661425292 5e-06
SDSS:u 0.35190212461263964 6.982222112128511e-05 6.794851e-06
SDSS:g 0.4819969420238593 0.00010462499903951539 4.7958315e-06
SDSS:r 0.6246977662012919 0.00011362500208633719 4.7958315e-06
SDSS:i 0.7634912086792643 0.0001339999980700668 5.830952e-06
SDSS:z 0.9017941824088559 0.0001250000022992026 1.356466e-05
:=3.6um 3.599986286565157 0.0005409999866969883 1.8e-05
:=4.5um 4.499969349004068 0.0007529999711550772 2e-05
WISE:W1 3.350010705106716 0.0005042222037445754 4.428318e-05
WISE:W2 4.600019302768061 0.0007865555623235801 5.8566202e-05
WISE:W3 11.559823320737255 0.0012037500273436308 0.00023494681
WISE:W4 22.090668189521775 0.0029414285506520954 0.0017201455
