Filter Wave Flux F_er
GALEX:FUV 0.1529007283113174 4.006000017398037e-05 7.253964e-06
GALEX:NUV 0.23119646641474514 8.272000122815371e-05 7.167287e-06
SDSS:u 0.35190212461263964 5.7540498593766644e-05 2.3295343e-05
SDSS:g 0.4819969420238593 6.76955561023836e-05 2.9933258e-06
SDSS:r 0.6246977662012919 5.936666699805452e-05 2.9529645e-06
SDSS:i 0.7634912086792643 7.878888936829753e-05 3.0099832e-06
SDSS:z 0.9017941824088559 9.712222365326145e-05 1.0739181e-05
2MASS:J 1.239016606050587 0.00018200000340584666 6.929646e-05
:=3.6um 3.599986286565157 0.0005360000068321824 1.4e-05
:=4.5um 4.499969349004068 0.0007149999728426337 2e-05
WISE:W1 3.3500107051067167 0.0004681416645932283 4.5103105e-05
WISE:W2 4.600019302768061 0.0007419091046110473 6.89275e-05
WISE:W3 11.559823320737253 0.0013110000174492598 0.00037242446
WISE:W4 22.09066818952177 0.004352222300238079 0.0026932508
