Filter Wave Flux F_er
GALEX:FUV 0.1529007283113174 2.2899999748915434e-05 6.9296466e-06
GALEX:NUV 0.23119646641474512 2.7100000806967728e-05 5.374012e-06
SDSS:u 0.3519021246126397 0.00011000000085914508 3e-06
SDSS:g 0.48199694202385923 0.0001539999939268455 1e-06
SDSS:r 0.6246977662012919 0.00023600000713486224 2e-06
SDSS:i 0.7634912086792645 0.0003420000139158219 3e-06
SDSS:z 0.9017941824088558 0.000391999987186864 9e-06
2MASS:J 1.239016606050587 0.00042600001324899495 0.00012435032
2MASS:H 1.6494770729023385 0.0005179999861866236 0.0002059927
2MASS:Ks 2.163785333814508 0.0007089999853633344 0.00021166011
WISE:W1 3.350010705106716 0.0003554499987027763 2.6397727e-05
WISE:W2 4.600019302768061 0.00036279999767430127 3.2619013e-05
WISE:W3 11.559823320737255 0.0016750000067986548 0.0002607681
WISE:W4 22.09066818952177 0.004055000143125653 0.0020004
