Filter Wave Flux F_er
GALEX:FUV 0.1529007283113174 1.4139999984763563e-05 4.0620193e-06
GALEX:NUV 0.23119646641474514 2.83800000033807e-05 5.023943e-06
SDSS:u' 0.3519021246126397 4.269999953976367e-05 2.404163e-06
SDSS:g' 0.48199694202385923 6.0399999711080454e-05 1.5556349e-06
SDSS:r' 0.6246977662012919 7.215000005089678e-05 1.5556349e-06
SDSS:i' 0.7634912086792646 7.700000060140155e-05 1.8384776e-06
SDSS:z' 0.9017941824088558 0.00011650000305962749 6.403124e-06
SDSS:u 0.3519021246126397 4.68888889978795e-05 6.055576e-06
SDSS:g 0.4819969420238593 6.573750033567194e-05 3.207803e-06
SDSS:r 0.6246977662012919 7.62624995331862e-05 3.3837848e-06
SDSS:i 0.7634912086792643 8.093750057014404e-05 4.4147478e-06
SDSS:z 0.9017941824088559 0.00012087499999324791 1.6062379e-05
2MASS:H 1.6494770729023385 0.00022899999748915434 8.4852814e-05
:=3.6um 3.599986286565157 0.0005750000127591193 1.5e-05
:=4.5um 4.499969349004068 0.0007300000288523734 2e-05
WISE:W1 3.3500107051067163 0.0005512000061571598 3.4058772e-05
WISE:W2 4.600019302768061 0.0007606000057421624 5.250714e-05
WISE:W3 11.559823320737253 0.0013700000010430813 0.0003192178
WISE:W4 22.09066818952177 0.00317199993878603 0.0018638669
