Filter Wave Flux F_er
GALEX:FUV 0.1529007283113174 6.97250006851391e-05 1.720436e-05
GALEX:NUV 0.23119646641474512 5.452499954117229e-05 1.1192408e-05
SDSS:u 0.3519021246126397 8.457500189251732e-05 5.002e-06
SDSS:g 0.4819969420238593 0.0001234750011462893 2.9068883e-06
SDSS:r 0.6246977662012919 0.000295000005280599 3.5156793e-06
SDSS:i 0.7634912086792643 0.0004547499956970569 5.6568542e-06
SDSS:z 0.9017941824088558 0.0005611249926005257 1.6703292e-05
2MASS:J 1.239016606050587 0.0005619999719783664 0.00017253406
2MASS:H 1.6494770729023387 0.0008290000259876251 0.00023758787
2MASS:Ks 2.1637853338145083 0.000661000027321279 0.00027400546
:=3.6um 3.599986286565157 0.0010900000343099236 1e-05
:=4.5um 4.499969349004068 0.001069999998435378 1e-05
WISE:W1 3.350010705106716 0.0006802857117561091 4.6411205e-05
WISE:W2 4.600019302768061 0.0007668333176601058 5.599107e-05
WISE:W3 11.559823320737255 0.0022999999346211553 0.00033136085
WISE:W4 22.09066818952177 0.008469999767839909 0.0024840692
