Filter Wave Flux F_er
GALEX:FUV 0.1529007283113174 8.05000036052661e-06 2.79e-06
GALEX:NUV 0.23119646641474512 1.9099999917671084e-05 4.6e-06
SDSS:u 0.3519021246126397 4.6499999371008016e-05 3.404409e-06
SDSS:g 0.48199694202385923 0.00015101428549054878 2.918904e-06
SDSS:r 0.6246977662012919 0.00036142857944858927 4.242641e-06
SDSS:i 0.7634912086792645 0.0005454285752161273 5.8309524e-06
SDSS:z 0.9017941824088558 0.0006835000131104607 1.6492422e-05
2MASS:J 1.239016606050587 0.0006600000197067857 0.00013863621
2MASS:H 1.649477072902339 0.0007469999836757779 0.00019677398
2MASS:Ks 2.163785333814508 0.0009319999953731894 0.00019006578
:=3.6um 3.599986286565157 0.0008900000248104334 6e-06
:=4.5um 4.499969349004068 0.0008580000139772892 6e-06
WISE:W1 3.3500107051067163 0.0006160000048112124 3.8418744e-05
WISE:W2 4.600019302768061 0.0006992499984335154 4.3714983e-05
WISE:W3 11.559823320737257 0.0031833332808067403 0.0002905168
WISE:W4 22.090668189521768 0.01346666645258665 0.002092845
