Filter Wave Flux F_er
GALEX:FUV 0.1529007283113174 1.3799999578623101e-05 2.6e-06
GALEX:NUV 0.23119646641474512 1.52000002344721e-05 1.9e-06
SDSS:u 0.3519021246126397 5.019999935029773e-05 6.824222e-06
SDSS:g 0.48199694202385923 0.0001239999996219662 2.887906e-06
SDSS:r 0.6246977662012919 0.0002518999976928171 3.905125e-06
SDSS:i 0.7634912086792645 0.00037199999860604294 5.6115955e-06
SDSS:z 0.9017941824088558 0.0004677499973695376 1.9974985e-05
2MASS:J 1.239016606050587 0.0003929999948013574 0.000108
2MASS:H 1.6494770729023387 0.0004799999878741801 0.00017
2MASS:Ks 2.163785333814508 0.0004250000056345016 0.00018559364
:=3.6um 3.599986286565157 0.0005489999894052744 5e-06
:=4.5um 4.499969349004068 0.00040600000647827983 5e-06
WISE:W1 3.350010705106716 0.00047825000365264714 2.3916522e-05
WISE:W2 4.600019302768061 0.0003292500041425228 2.8460498e-05
WISE:W3 11.559823320737257 0.0016033333571006854 0.00025416532
WISE:W4 22.090668189521768 0.0025566665766139827 0.0017094443
