Filter Wave Flux F_er
GALEX:FUV 0.1529007283113174 6.22000006842427e-05 1e-06
GALEX:NUV 0.23119646641474512 8.520000119460747e-05 4e-07
SDSS:u' 0.3519021246126397 7.870000263210386e-05 2.8e-06
SDSS:g' 0.4819969420238593 0.0001049999991664663 3e-06
SDSS:r' 0.6246977662012919 9.719999798107892e-05 2.4e-06
SDSS:i' 0.7634912086792645 0.0001140000022132881 2e-06
SDSS:z' 0.9017941824088558 0.00010800000018207356 5e-06
SDSS:u 0.3519021246126397 7.879090976943685e-05 1.0063796e-05
SDSS:g 0.4819969420238592 0.00010369999872636982 8.831761e-06
SDSS:r 0.6246977662012919 9.790999974939041e-05 7.5173134e-06
SDSS:i 0.7634912086792645 0.00011290000184089876 6.0827624e-06
SDSS:z 0.9017941824088561 0.00010880000045290216 1.6492422e-05
2MASS:Ks 2.163785333814508 0.0002519999979995191 6.3e-05
:=3.6um 3.599986286565157 0.0006820000126026571 2.1e-05
:=4.5um 4.499969349004068 0.0009820000268518925 3e-05
WISE:W1 3.3500107051067167 0.0005809999953877801 4.266146e-05
WISE:W2 4.600019302768061 0.0009527499933028594 7.101408e-05
WISE:W3 11.559823320737253 0.002117000031284988 0.00025980762
WISE:W4 22.09066818952177 0.0049188887803918785 0.0015363594
Spitzer/MIPS:24 23.674678828081813 0.00471000000834465 4e-05
Spitzer/MIPS:70 71.41996807699637 2.099999983329326e-05 3e-06
