Filter Wave Flux F_er
SDSS:u 0.3519021246126397 0.0003355000080773607 9.899495e-06
SDSS:g 0.48199694202385923 0.0004084999964106828 1.13137085e-05
SDSS:r 0.6246977662012919 0.00044800000614486635 8.485282e-06
SDSS:i 0.7634912086792643 0.00038899999344721437 7.0710676e-06
SDSS:z 0.9017941824088558 0.0006339999963529408 1.979899e-05
2MASS:J 1.239016606050587 0.0005130000063218176 0.00014707822
2MASS:H 1.6494770729023387 0.0006440000142902136 0.00018632499
2MASS:Ks 2.163785333814508 0.001180000021122396 0.00024494898
:=3.6um 3.599986286565157 0.0030400000978261232 7e-05
:=4.5um 4.499969349004068 0.004000000189989805 8e-05
WISE:W1 3.350010705106716 0.002904285676777363 0.0001473092
WISE:W2 4.600019302768061 0.004179999897522586 0.00019621417
WISE:W3 11.559823320737253 0.007643333403393626 0.0004050926
WISE:W4 22.09066818952177 0.016839999333024026 0.002154066
