Filter Wave Flux F_er
GALEX:FUV 0.1529007283113174 6.230000053619733e-06 1.15e-06
GALEX:NUV 0.23119646641474512 8.45249974190665e-06 4.280479e-06
SDSS:u' 0.3519021246126397 1.249999968422344e-05 1.5e-06
SDSS:g' 0.48199694202385923 4.260000059730373e-05 8e-07
SDSS:r' 0.6246977662012919 0.00011100000119768083 1e-06
SDSS:i' 0.7634912086792645 0.00014800000644754618 1e-06
SDSS:z' 0.9017941824088558 0.00021499999274965376 6e-06
SDSS:u 0.3519021246126397 1.2299999980314169e-05 1.4e-06
SDSS:g 0.48199694202385923 3.989999822806567e-05 7e-07
SDSS:r 0.6246977662012919 9.329999738838524e-05 1.7e-06
SDSS:i 0.7634912086792645 0.00011600000289035961 2e-06
SDSS:z 0.9017941824088558 0.00016900000628083944 5e-06
WISE:W1 3.350010705106716 0.0005462856996538383 3.6124784e-05
WISE:W2 4.600019302768061 0.0012385714133935316 7.416199e-05
WISE:W3 11.559823320737253 0.004089999943971634 0.00039344633
WISE:W4 22.09066818952177 0.015199999697506428 0.0027367864
:=1.4GHz 214137.47000000003 0.0031799999997019768 0.00014
