Filter Wave Flux F_er
GALEX:FUV 0.1529007283113174 1.8433333025313914e-05 6.555151e-06
GALEX:NUV 0.23119646641474512 2.8699999650901493e-05 6.03407e-06
SDSS:u 0.3519021246126397 8.22000001790002e-05 3e-06
SDSS:g 0.48199694202385923 0.00020500000391621143 2e-06
SDSS:r 0.6246977662012919 0.0003929999948013574 2e-06
SDSS:i 0.7634912086792645 0.000582000007852912 3e-06
SDSS:z 0.9017941824088558 0.000750000006519258 1e-05
2MASS:J 1.239016606050587 0.0006880000000819564 0.000120025
2MASS:H 1.6494770729023385 0.0010300000431016088 0.00017146429
2MASS:Ks 2.163785333814508 0.001180000021122396 0.0002204541
WISE:W1 3.3500107051067163 0.0010800000163726509 4e-05
WISE:W2 4.600019302768061 0.000957000011112541 4.8414873e-05
WISE:W3 11.559823320737255 0.002699999953620136 0.00022090721
WISE:W4 22.09066818952177 0.007214999990537763 0.0015446682
