Filter Wave Flux F_er
SDSS:u' 0.3519021246126397 4.760000138048781e-06 9.3e-07
SDSS:g' 0.48199694202385923 1.1799999811046291e-05 4e-07
SDSS:r' 0.6246977662012919 4.229999831295572e-05 8e-07
SDSS:i' 0.7634912086792645 6.820000271545723e-05 1.3e-06
SDSS:z' 0.9017941824088558 0.00010199999815085903 6e-06
SDSS:u 0.3519021246126397 8.256666357434975e-06 2.3157286e-06
SDSS:g 0.48199694202385923 2.0881249611193198e-05 1.1995415e-06
SDSS:r 0.6246977662012919 6.713750030939991e-05 2.009975e-06
SDSS:i 0.7634912086792645 0.00011017142865707033 2.9563491e-06
SDSS:z 0.9017941824088558 0.0001520374999017804 9.604686e-06
WISE:W1 3.3500107051067163 0.0003878000017721206 2.0736441e-05
WISE:W2 4.600019302768061 0.00043500000028871 3.1096624e-05
WISE:W3 11.559823320737255 0.002530000056140125 0.00023515952
WISE:W4 22.09066818952177 0.010950000025331974 0.0019078786
Herschel/SPIRE:250 249.99371080720482 0.051100000739097595 0.0115
Herschel/SPIRE:350 362.9976001356129 0.024399999529123306 0.0115
