Filter Wave Flux F_er
GALEX:FUV 0.1529007283113174 4.909999915980734e-05 1.4401388e-05
GALEX:NUV 0.23119646641474514 6.949999806238338e-05 9.716995e-06
SDSS:u 0.35190212461263964 8.568888814705942e-05 6.532228e-06
SDSS:g 0.4819969420238593 0.00010387499878561357 1.0488088e-05
SDSS:r 0.6246977662012919 0.00010412499887024751 5.0990197e-06
SDSS:i 0.7634912086792643 0.00010399999882793054 5.0990197e-06
SDSS:z 0.9017941824088559 0.00015262500346580055 1.5620499e-05
2MASS:J 1.239016606050587 0.00022399999822179476 8.891569e-05
2MASS:H 1.6494770729023385 0.00028266665564539534 0.00010854492
2MASS:Ks 2.163785333814508 0.0003635000030044466 9.687621e-05
:=3.6um 3.599986286565157 0.00042699999175965786 1.1e-05
:=4.5um 4.499969349004068 0.0005290000117383897 1.6e-05
WISE:W1 3.350010705106716 0.0004076666631994562 3.2341923e-05
WISE:W2 4.600019302768061 0.0005458888998772535 4.8867165e-05
WISE:W3 11.559823320737255 0.001712500030407682 0.00034756295
WISE:W4 22.090668189521775 0.005407142918556929 0.0024226431
