Filter Wave Flux F_er
GALEX:FUV 0.1529007283113174 3.123333226540126e-05 7.967434e-06
GALEX:NUV 0.23119646641474512 3.149999974993989e-05 5.4872576e-06
SDSS:u 0.3519021246126397 2.7650000447465573e-05 1.7029386e-06
SDSS:g 0.4819969420238593 5.439999949885532e-05 9.2195444e-07
SDSS:r 0.6246977662012919 8.679999882588163e-05 1.3453624e-06
SDSS:i 0.7634912086792643 0.0001216000018757768 2.2825425e-06
SDSS:z 0.9017941824088558 0.00013209999815444462 6.2801273e-06
2MASS:J 1.239016606050587 0.00032699998700991273 0.00014633864
2MASS:H 1.6494770729023387 0.0004239999980200082 0.000195
2MASS:Ks 2.163785333814508 0.0004910000134259462 0.00017819091
WISE:W1 3.350010705106716 0.00043122223319692747 3.6290494e-05
WISE:W2 4.600019302768061 0.0005026666719156007 5.344156e-05
WISE:W3 11.559823320737255 0.0015999999741325155 0.00036646964
WISE:W4 22.090668189521775 0.005445714241691998 0.002725876
