Filter Wave Flux F_er
GALEX:FUV 0.1529007283113174 7.0700000378565164e-06 3.8242383e-06
GALEX:NUV 0.23119646641474514 1.4800000144532532e-05 3.5805028e-06
SDSS:u' 0.3519021246126397 2.789999962260481e-05 1.6e-06
SDSS:g' 0.48199694202385923 5.6400000175926834e-05 1.7e-06
SDSS:r' 0.6246977662012919 7.229999755509198e-05 3.9e-06
SDSS:i' 0.7634912086792645 0.00010199999815085903 2e-06
SDSS:z' 0.9017941824088558 0.0001340000017080456 6e-06
SDSS:u 0.3519021246126397 2.8037500214850297e-05 4.4609415e-06
SDSS:g 0.4819969420238593 5.747142807064977e-05 3.8052594e-06
SDSS:r 0.6246977662012919 7.39285720296071e-05 8.15598e-06
SDSS:i 0.7634912086792643 0.00010314285568061418 4.763402e-06
SDSS:z 0.9017941824088558 0.00013457142839407816 1.4798649e-05
2MASS:J 1.239016606050587 0.00014566666504833847 7.967434e-05
2MASS:H 1.6494770729023385 0.00022400000307243317 9.295698e-05
:=3.6um 3.599986286565157 0.0005540000274777412 1.4e-05
:=4.5um 4.499969349004068 0.0007149999728426337 2e-05
WISE:W1 3.350010705106716 0.0005301111248425312 4.0792158e-05
WISE:W2 4.600019302768061 0.000743999999637405 6.187083e-05
WISE:W3 11.559823320737255 0.0014687500224681571 0.00034756295
WISE:W4 22.090668189521775 0.0037628570571541786 0.0024235921
