Filter Wave Flux F_er
GALEX:FUV 0.1529007283113174 1.1450000329205068e-05 3.640055e-06
GALEX:NUV 0.23119646641474512 2.5749999622348696e-05 3.841875e-06
SDSS:u' 0.3519021246126397 8.920000254875049e-05 2.5e-06
SDSS:g' 0.48199694202385923 0.00030899999546818435 1e-06
SDSS:r' 0.6246977662012919 0.0006050000083632767 2e-06
SDSS:i' 0.7634912086792645 0.0008960000122897327 4e-06
SDSS:z' 0.9017941824088558 0.0011500000255182385 1e-05
WISE:W1 3.350010705106716 0.0012650000280700624 5.8309517e-05
WISE:W2 4.600019302768061 0.000980666644560794 4.512206e-05
WISE:W3 11.559823320737255 0.004639999940991402 0.00020808652
WISE:W4 22.09066818952177 0.009085000026971102 0.0010705605
Herschel/SPIRE:250 249.99371080720482 0.10199999809265137 0.002
Herschel/SPIRE:350 362.9976001356129 0.04989999905228615 0.0024
Herschel/SPIRE:500 516.9994274578785 0.02160000056028366 0.0029
