Filter Wave Flux F_er
SDSS:u' 0.3519021246126397 3.865000110181427e-06 3.0413976e-06
SDSS:g' 0.48199694202385923 1.4324999938253313e-05 1.3661626e-06
SDSS:r' 0.6246977662012919 6.384999869624153e-05 2.118962e-06
SDSS:i' 0.7634912086792645 0.00013155000306142028 3.1622778e-06
SDSS:z' 0.9017941824088558 0.00020119999317103066 1.0530432e-05
SDSS:u 0.3519021246126397 1.4900000451234519e-06 7.6e-07
SDSS:g 0.48199694202385923 6.379999831551686e-06 4.1e-07
SDSS:r 0.6246977662012919 2.6699999580159783e-05 7e-07
SDSS:i 0.7634912086792645 5.610000152955763e-05 1e-06
SDSS:z 0.9017941824088558 9.29000016185455e-05 3.4e-06
WISE:W1 3.350010705106716 0.00043000000490186113 1.7291617e-05
WISE:W2 4.600019302768061 0.00031100000099589426 2.1118713e-05
WISE:W3 11.559823320737255 0.0004834999854210764 0.00014807093
WISE:W4 22.09066818952177 0.004394999938085675 0.0012549502
