Filter Wave Flux F_er
GALEX:FUV 0.1529007283113174 1.9150000298395753e-05 5.798275e-06
GALEX:NUV 0.23119646641474512 2.9849999918951653e-05 4.455334e-06
SDSS:u 0.3519021246126397 7.780000305501744e-05 3.2e-06
SDSS:g 0.48199694202385923 0.0001849999971454963 1e-06
SDSS:r 0.6246977662012919 0.0003150000120513141 2e-06
SDSS:i 0.7634912086792645 0.0004459999909158796 3e-06
SDSS:z 0.9017941824088558 0.000547999981790781 1.1e-05
2MASS:J 1.239016606050587 0.00039900001138448715 0.00013472194
2MASS:H 1.6494770729023385 0.0005559999844990671 0.00018371173
2MASS:Ks 2.163785333814508 0.0005300000193528831 0.00020575714
WISE:W1 3.3500107051067163 0.0005552000016905368 2.8160255e-05
WISE:W2 4.600019302768061 0.0005250000103842467 3.552464e-05
WISE:W3 11.559823320737255 0.0013199999812059104 0.00021023797
WISE:W4 22.09066818952177 0.002245000097900629 0.0015725774
